768 8388608 88768.366 92651.097 97517.581 132.129014644 139.069069932 145.151955236 33.032253661 34.7672674831 36.287988809
1536 4194304 24033.017 43428.027 44539.88 289.289101991 296.695539219 536.133348884 72.3222754978 74.1738848049 134.033337221
2304 2097152 17922.855 30647.533 37286.656 259.172515122 315.316616708 539.181755139 64.7931287804 78.8291541769 134.795438785
3072 2097152 15466.304 22068.688 37067.978 347.601962211 583.85445877 833.095087747 86.9004905528 145.963614692 208.273771937
3840 1048576 14100.296 20828.946 20874.381 385.786945251 386.628477504 571.127278463 96.4467363128 96.6571193761 142.781819616
4608 1048576 7629.498 15034.635 22394.779 431.514703315 642.760959345 1266.62021748 107.878675829 160.690239836 316.655054369
5376 1048576 7614.801 14799.125 21944.395 513.766232881 761.821334167 1480.57567781 128.44155822 190.455333542 370.143919454
6144 1048576 15861.354 21771.852 24004.173 536.777579798 591.814692108 812.345647667 134.19439495 147.953673027 203.086411917
6912 524288 8573.846 9796.587 12597.041 575.353951138 739.824727938 845.333274239 143.838487785 184.956181985 211.33331856
7680 524288 9538.112 14271.646 14429.422 558.100226052 564.270139548 844.303744808 139.525056513 141.067534887 211.075936202
8448 524288 10384.267 12557.256 15390.011 575.592184307 705.438357552 853.056845322 143.898046077 176.359589388 213.26421133
9216 524288 11028.553 16456.848 16489.63 586.045679375 587.213080901 876.24155372 146.511419844 146.803270225 219.06038843
9984 524288 11748.853 17555.115 17674.719 592.313958938 596.349427731 891.06424125 148.078489734 149.087356933 222.766060312
10752 524288 6535.84 19131.458 19138.08 589.102415289 589.306322184 1724.99466817 147.275603822 147.326580546 431.248667042
11520 524288 10444.249 13716.778 18646.659 647.81554272 880.643801336 1156.57866066 161.95388568 220.160950334 289.144665165
12288 524288 18538.938 21737.798 21918.777 587.847665406 592.741817179 695.018338591 146.961916351 148.185454295 173.754584648
13056 262144 4095.159 7627.383 7729.615 885.568573338 897.438102689 1671.51119847 221.392143334 224.359525672 417.877799617
13824 262144 8378.379 12287.952 12413.156 583.877082669 589.826304009 865.054840799 145.969270667 147.456576002 216.2637102
14592 262144 6383.083 8603.672 12675.998 603.535161176 889.202946835 1198.54473081 150.883790294 222.300736709 299.636182704
15360 262144 9231.398 13697.391 13730.363 586.514987259 587.926830737 872.35581003 146.628746815 146.981707684 218.088952508
16896 262144 10198.368 15075.642 15193.983 583.018294018 587.59487974 868.606628825 145.754573505 146.898719935 217.151657206
18432 262144 5753.524 11023.463 11032.631 875.917667871 876.646151577 1679.60999485 218.979416968 219.161537894 419.902498712
19968 262144 11493.253 17724.403 17833.075 587.054267646 590.65361942 910.880738813 146.763566911 147.663404855 227.720184703
21504 262144 6570.114 12742.703 19149.611 588.747685371 884.764335479 1715.99597085 147.186921343 221.19108387 428.998992712
23040 262144 13776.759 13789.023 13814.35 874.42373474 876.029833296 876.809670547 218.605933685 219.007458324 219.202417637
25344 131072 7447.557 11017.282 11072.044 600.049777259 603.032357345 892.07474827 150.012444315 150.758089336 223.018687067
27648 131072 4305.192 8355.457 12044.195 601.763531062 867.427994902 1683.49223728 150.440882766 216.856998726 420.87305932
29952 131072 8767.909 13027.717 13058.865 601.25723698 602.694784359 895.508505848 150.314309245 150.67369609 223.877126462
32256 131072 9693.383 14360.963 14405.517 586.977674179 588.798736129 872.318453114 146.744418545 147.199684032 218.079613278
35328 131072 10662.628 15787.595 15801.642 586.079803099 586.601267134 868.549782661 146.519950775 146.650316784 217.137445665
38400 131072 11514.462 17116.844 17117.105 588.085987671 588.094954888 874.233602925 147.021496918 147.023738722 218.558400731
42240 131072 10132.766 17335.014 20811.213 532.067138999 638.76282765 1092.78775016 133.01678475 159.690706913 273.196937539
46080 131072 13714.924 20476.487 20543.331 588.005690022 589.925191758 880.762847829 147.001422505 147.481297939 220.190711957
50688 65536 7683.378 7758.609 11361.507 584.76199821 856.310394814 864.694869366 146.190499553 214.077598704 216.173717342
55296 65536 8331.312 12331.713 12360.958 586.342685737 587.733213707 869.941890545 146.585671434 146.933303427 217.485472636
60672 65536 9160.625 9258.087 9278.747 857.055417504 858.967990255 868.106748612 214.263854376 214.741997564 217.026687153
66048 65536 10020.715 14987.888 14998.999 577.174747195 577.602625266 863.914746203 144.293686799 144.400656317 215.978686551
72192 65536 10876.247 16286.078 16380.165 577.6712154 581.008504564 870.001373084 144.41780385 145.252126141 217.500343271
79104 65536 11908.631 17714.383 17723.13 585.016274665 585.305143735 870.655870352 146.254068666 146.326285934 217.663967588
86784 65536 6634.856 19366.086 19449.323 584.85081707 587.364553065 1714.42340994 146.212704267 146.841138266 428.605852486
95232 65536 14392.233 21411.728 21442.695 582.121263395 582.963164113 867.290621546 145.530315849 145.740791028 216.822655386
104448 32768 8036.119 11825.224 11847.616 577.762152993 578.856191477 851.792280328 144.440538248 144.714047869 212.948070082
114432 32768 8657.072 12793.768 12868.889 582.755477338 586.177235041 866.276213482 145.688869334 146.54430876 216.56905337
125184 32768 9411.024 10623.254 13532.172 606.263253526 772.27360129 871.749835512 151.565813382 193.068400323 217.937458878
137472 32768 5370.888 10342.067 15403.706 584.882949077 871.137751477 1677.44421258 146.220737269 217.784437869 419.361053144
150528 32768 9216.65 16903.696 16906.501 583.503529678 583.600356277 1070.34584236 145.875882419 145.900089069 267.58646059
165120 32768 8128.031 12430.409 18472.865 585.794586817 870.550946473 1331.35618208 146.448646704 217.637736618 332.83904552
181248 32768 8404.75 20255.012 20262.515 586.218883885 586.436035091 1413.28045784 146.554720971 146.609008773 353.320114459
198912 16384 3873.944 11099.656 11159.938 584.048801705 587.220758553 1682.50971516 146.012200426 146.805189638 420.627428791
218112 16384 8218.401 8281.378 8546.084 836.300464166 863.031975596 869.645325897 209.075116041 215.757993899 217.411331474
239616 16384 9031.342 9087.218 13443.756 584.043409297 864.041897971 869.38763785 146.010852324 216.010474493 217.346909463
263424 16384 9889.84 12046.95 14681.414 587.945931638 716.519752468 872.802556159 146.98648291 179.129938117 218.20063904
289536 16384 5636.716 14941.341 16203.544 585.521022315 634.984212461 1683.16368041 146.380255579 158.746053115 420.790920103
317952 16384 11890.116 12800.722 16985.929 613.36952109 813.911210321 876.244700725 153.342380273 203.47780258 219.061175181
349440 16384 13243.381 19493.135 19502.072 587.140172593 587.409358218 864.616816506 146.785043148 146.852339554 216.154204127
384000 16384 14370.101 21415.554 21419.452 587.452564146 587.559490639 875.631423885 146.863141036 146.88987266 218.907855971
422400 8192 7974.894 8028.705 11974.254 577.956806328 861.982299761 867.798568859 144.489201582 215.49557494 216.949642215
464640 8192 7303.497 13002.048 13249.572 574.559069531 585.497127837 1042.33105867 143.639767383 146.374281959 260.582764667
510720 8192 9651.163 13129.637 14221.202 588.391647907 637.309049748 867.008098402 147.097911977 159.327262437 216.752024601
561408 8192 15603.13 15682.298 15826.358 581.189220666 586.528114183 589.504072068 145.297305166 146.632028546 147.376018017
617472 8192 11762.558 17186.746 17225.108 587.320628004 588.63156807 860.07322965 146.830157001 147.157892017 215.018307412
678912 8192 12704.531 18729.304 18891.989 588.78364835 593.897894337 875.537570651 147.195912087 148.474473584 218.884392663
746496 8192 10284.49 20753.886 20823.035 587.358685417 589.315681121 1189.22673502 146.839671354 147.32892028 297.306683754
820992 4096 5808.467 11472.905 11544.028 582.601364446 586.213035321 1157.89010491 145.650341111 146.55325883 289.472526228
902400 4096 12616.056 12654.748 12733.856 580.535919363 584.16499483 585.956562019 145.133979841 146.041248708 146.489140505
992256 4096 9297.661 9356.963 12542.728 648.069634612 868.717889768 874.258714315 162.017408653 217.179472442 218.564678579
1091328 4096 5235.415 15208.26 15254.698 586.059388131 587.848904214 1707.63138662 146.514847033 146.962226053 426.907846656
1200384 4096 11253.304 13941.358 16714.921 588.309434905 705.350635713 873.836317583 147.077358726 176.337658928 218.459079396
1320192 4096 6381.711 15151.745 18381.193 588.373826661 713.780020981 1694.68859746 147.093456665 178.445005245 423.672149366
1451520 4096 12534.203 13582.486 13603.596 874.096219852 875.454746649 948.672351964 218.524054963 218.863686662 237.168087991
1596672 2048 7045.073 7571.65 11183.794 584.77190406 863.744165671 928.303867398 146.192976015 215.936041418 232.075966849
1755648 2048 8251.021 8283.342 8344.657 861.765104066 868.144066489 871.544771005 215.441276016 217.036016622 217.886192751
1930752 2048 9061.88 13485.334 13518.346 585.009452488 586.441551392 872.706347027 146.252363122 146.610387848 218.176586757
2123520 2048 6257.529 14837.215 15003.817 579.715009854 586.224430933 1389.99562287 144.928752463 146.556107733 347.498905718
2335488 2048 6264.592 10946.59 16303.532 586.753768938 873.893956748 1527.02025096 146.688442234 218.473489187 381.75506274
2568960 2048 12012.005 12033.305 17064.287 616.636379826 874.444731518 875.995319682 154.159094957 218.61118288 218.998829921
2825472 2048 7102.039 9663.577 15069.36 767.991030276 1197.60346629 1629.55079689 191.997757569 299.400866574 407.387699223
3107328 2048 7463.687 13199.428 16916.78 752.366318413 964.255078932 1705.27187006 188.091579603 241.063769733 426.317967514
3417600 1024 8048.362 8086.283 11963.284 585.060490079 865.570101863 869.648358262 146.26512252 216.392525466 217.412089566
3759360 1024 11293.088 13134.256 13142.723 585.812337367 586.189981374 681.759433735 146.453084342 146.547495343 170.439858434
4134912 1024 9681.48 9726.826 9731.444 870.199713013 870.612857267 874.690623334 217.549928253 217.653214317 218.672655834
4548096 1024 10702.082 15842.899 15867.264 587.026257835 587.929053136 870.344724326 146.756564459 146.982263284 217.586181081
5002752 1024 5993.895 11727.001 17449.848 587.147584094 873.679135527 1709.34527482 146.786896023 218.419783882 427.336318704
5502720 1024 9087.578 12852.729 17807.678 632.848963239 876.82316806 1240.10716167 158.21224081 219.205792015 310.026790417
6052608 1024 7267.65 21051.853 21093.591 587.654382035 588.819482257 1705.60513839 146.913595509 147.204870564 426.401284597
6657792 512 6891.716 10329.264 11676.767 583.858443694 660.025632804 989.242593282 145.964610924 165.006408201 247.31064832
7322880 512 4498.504 8646.762 8660.719 865.820622976 867.218170224 1666.91618369 216.455155744 216.804542556 416.729045923
8054784 512 8658.655 9462.641 9494.881 868.689014217 871.648709488 952.584300449 217.172253554 217.912177372 238.146075112
8859648 512 7903.912 10413.892 15465.092 586.629523575 871.170889039 1147.82142716 146.657380894 217.79272226 286.95535679
9745152 512 10248.221 11445.865 12453.08 801.330726856 871.846352198 973.733455592 200.332681714 217.961588049 243.433363898
10718976 512 12484.269 12565.943 17633.583 622.461777847 873.490467369 879.204975798 155.615444462 218.372616842 219.801243949
11790336 512 7095.839 13776.82 13843.755 872.111942461 876.349118592 1701.46251402 218.027985615 219.087279648 425.365628504
12969216 256 4003.227 7804.415 8929.934 743.593244026 850.831047811 1658.72147445 185.898311007 212.707761953 414.680368613
14265600 256 8394.951 12432.171 12567.325 581.188693696 587.506976859 870.045245053 145.297173424 146.876744215 217.511311263
15691776 256 9225.918 9909.166 13742.335 584.630582212 810.783602979 870.828172546 146.157645553 202.695900745 217.707043137
17260800 256 5180.752 10140.66 15073.538 586.294312589 871.494518108 1705.83915231 146.573578147 217.873629527 426.459788077
18986496 256 5767.672 16547.449 16588.475 586.014443883 587.467346296 1685.44361607 146.503610971 146.866836574 421.360904018
20884992 256 9368.615 12198.474 18259.004 585.635224353 876.594556335 1141.37638317 146.408806088 219.148639084 285.344095792
22973184 256 8293.631 13381.59 20129.126 584.340830695 878.988984717 1418.22926629 146.085207674 219.747246179 354.557316572
25270272 128 7425.887 7484.436 11070.592 584.358057094 864.352321538 871.167260154 146.089514273 216.088080384 217.791815038
27796992 128 8221.857 8307.938 12153.941 585.491566234 856.533829694 865.501546913 146.372891558 214.133457423 216.375386728
30576384 128 5710.624 8976.28 13372.452 585.349216733 872.026530367 1370.70034798 146.337304183 218.006632592 342.675086996
33633792 128 7313.346 10008.432 14593.148 590.020107519 860.299670518 1177.33397982 147.50502688 215.074917629 294.333494956
36996864 128 10848.917 14210.812 16163.66 585.956224271 666.478255008 873.008539378 146.489056068 166.619563752 218.252134844
40696320 128 11938.848 17737.827 17925.119 581.209972441 587.346912336 872.635108513 145.30249311 146.836728084 218.158777128
44765952 128 7795.94 13164.193 13167.429 870.335713373 870.549657848 1470.00665885 217.583928343 217.637414462 367.501664713
49241856 128 13711.277 14396.06 16177.655 779.217700959 875.650361002 919.383011225 194.80442524 218.91259025 229.845752806
54165504 64 7974.094 8032.352 11781.032 588.504004743 863.157455251 869.463604517 147.126001186 215.789363813 217.365901129
59581440 64 8748.534 12573.066 13324.753 572.350145627 606.568383559 871.737404233 143.087536407 151.64209589 217.934351058
65539584 64 9695.046 14348.32 14356.245 584.349650762 584.672404295 865.294166938 146.08741269 146.168101074 216.323541735
72092928 64 10620.388 15679.663 15795.239 584.220016171 588.526346772 868.884901757 146.055004043 147.131586693 217.221225439
79302144 64 11639.808 12560.292 17269.11 587.79372139 808.155927585 872.065452626 146.948430348 202.038981896 218.016363157
87231744 64 12735.801 12846.327 12869.741 867.590360365 869.171649764 876.71464339 216.897590091 217.292912441 219.178660847
95954688 64 11189.775 13743.467 20977.465 585.494961569 893.67552336 1097.62708044 146.373740392 223.41888084 274.406770109
105550080 32 6327.079 11392.014 11656.068 579.544072667 592.977248799 1067.66568269 144.886018167 148.2443122 266.916420674
116104704 32 4692.328 11778.718 12758.372 582.417651406 630.858218696 1583.58517478 145.604412851 157.714554674 395.896293695
127714560 32 9462.992 10110.003 14194.553 575.835804058 808.47966514 863.757661425 143.958951015 202.119916285 215.939415356
140485632 32 5488.238 12189.406 15493.364 580.318157374 737.61432247 1638.24536181 145.079539343 184.403580617 409.561340452
154533888 32 12664.226 14262.249 17333.42 570.583810466 693.450859819 780.953279893 142.645952616 173.362714955 195.238319973
169986816 32 7737.821 19561.513 21727.188 500.716255781 556.15106173 1405.97155504 125.179063945 139.037765433 351.49288876
186984960 32 8217.068 15717.625 25801.598 463.809933013 761.376953579 1456.36344253 115.952483253 190.344238395 364.090860633
205683456 16 8076.194 12618.55 12734.257 516.863338945 521.60276672 814.971828562 129.215834736 130.40069168 203.74295714
226251264 16 8081.023 14222.485 15102.022 479.408681036 509.055938396 895.93117703 119.852170259 127.263984599 223.982794258
248875776 16 13719.562 16115.469 16711.446 476.56108466 494.185110716 580.486813792 119.140271165 123.546277679 145.121703448
273762816 16 11592.72 20682.011 28474.764 307.655231559 423.576320117 755.682023891 76.9138078897 105.894080029 188.920505973
301138944 16 17972.256 32855.999 34302.799 280.923029284 293.293355895 536.184561805 70.230757321 73.3233389738 134.046140451
331252224 16 26296.396 38022.705 40600.743 261.080718843 278.782668619 403.099769565 65.2701797108 69.6956671547 100.774942391
364376832 16 42613.702 53993.333 58972.358 197.720746116 215.953673836 273.622287592 49.4301865291 53.988418459 68.405571898
400813824 16 59063.277 60090.701 66865.138 191.819575217 213.444711986 217.157648872 47.9548938043 53.3611779966 54.289412218
440894976 8 21017.69 37449.702 38033.886 185.474595365 188.367843782 335.63724729 46.3686488412 47.0919609454 83.9093118226
484984320 8 30731.571 43996.272 49437.031 156.96228036 176.372878138 252.500892974 39.2405700901 44.0932195346 63.1252232435
533482752 8 31562.447 47840.13 48189.444 177.128502084 178.421840242 270.439235336 44.2821255211 44.6054600604 67.6098088339
586830336 8 33945.319 49309.802 54293.075 172.937071183 190.414177206 276.600298733 43.2342677957 47.6035443014 69.1500746833
645513216 8 53266.742 61036.783 62638.373 164.886330237 169.212906519 193.896060998 41.2215825593 42.3032266298 48.4740152495
710064384 8 52119.313 61835.659 64499.428 176.141564294 183.729426155 217.981195262 44.0353910735 45.9323565388 54.4952988156
781070592 8 57819.588 70991.356 75346.842 165.861357162 176.037339983 216.140064367 41.4653392905 44.0093349957 54.0350160918
859176960 4 23148.26 38912.461 41292.568 166.456483888 176.637907327 296.93012261 41.6141209721 44.1594768319 74.2325306524
945094656 4 20394.192 38412.335 39862.209 189.67230963 196.831493009 370.730904563 47.4180774076 49.2078732522 92.6827261409
1039603968 4 22942.713 42179.93 42351.963 196.374173825 197.175095928 362.504283778 49.0935434563 49.2937739821 90.6260709446
1143564288 4 28656.435 48874.718 51448.412 177.81917747 187.182958355 319.248165517 44.4547943676 46.7957395887 79.8120413792
1257920256 4 42671.561 46013.068 50717.608 198.419492654 218.706608479 235.832995376 49.6048731636 54.6766521198 58.958248844
1383711744 4 47079.272 59042.368 59811.869 185.075205592 187.487296444 235.128825951 46.2688013979 46.8718241111 58.7822064878
1522082304 4 52791.643 64207.615 65027.887 187.252869404 189.645082316 230.655038185 46.8132173509 47.411270579 57.6637595462
1674289920 2 19824.815 32951.408 33602.878 199.303157307 203.24350571 337.817007624 49.8257893267 50.8108764275 84.454251906
1841718528 2 26249.197 37699.781 38930.411 189.231860717 195.408936513 280.651408575 47.3079651792 48.8522341284 70.1628521436
2025890304 2 12987.783 42212.371 45506.345 178.075413791 191.971240279 623.93721977 44.5188534478 47.9928100698 155.984304943
2228478720 2 33980.221 47806.537 49698.23 179.360811844 186.458075388 262.326571684 44.840202961 46.6145188471 65.581642921
2451326208 2 47369.489 51476.866 52704.69 186.042358507 190.479832863 206.996212942 46.5105896268 47.6199582158 51.7490532355
2696458752 2 48393.115 53158.129 54829.885 196.714529093 202.900952515 222.879535818 49.1786322733 50.7252381287 55.7198839546
2966104320 2 38549.601 58483.872 59748.1 198.573967708 202.866480523 307.770170695 49.6434919269 50.7166201308 76.9425426738
3262714368 1 110273.128 143958.02 163243.131 39.9736803382 45.3286919062 59.1751486001 9.99342008455 11.3321729765 14.79378715
3588985344 1 148939.408 163113.352 179598.639 39.9667320864 44.0060277101 48.1938983402 9.99168302161 11.0015069275 12.048474585
3947883264 1 139158.231 177201.073 192332.705 41.0526463921 44.5582320373 56.739486204 10.263161598 11.1395580093 14.184871551
4342671360 1 179896.151 199329.934 202487.952 42.8931333159 43.5726965123 48.2797584702 10.723283329 10.8931741281 12.0699396176
4776938496 1 215630.162 225349.871 227684.353 41.9610608552 42.3957508811 44.3067746339 10.4902652138 10.5989377203 11.0766936585
5254632192 1 242806.723 253740.418 274887.127 38.2311987422 41.4173842182 43.2824274969 9.55779968554 10.3543460546 10.8206068742
5780094720 1 257567.725 280132.002 292709.863 39.493679241 41.2669361496 44.8821351355 9.87341981025 10.3167340374 11.2205337839
6358103808 1 295375.819 308764.347 317413.468 40.0619661671 41.1841837944 43.0509432324 10.0154915418 10.2960459486 10.7627358081

META_DATA
MPI_PROCS      1
TIMESTAMP_DATA  1594367029.19
TIMESTAMP_DATA  1594367061.87
HOSTNAME  ('helios-PowerEdge-R7425', [], ['127.0.1.1'])
FLOPS          4
TIMESTAMP_DATA  1594367051.05
TIMESTAMP_DATA  1594367039.95
OPENMP_THREADS 96
UNAME  ('Linux', 'helios-PowerEdge-R7425', '4.15.0-106-generic', '#107~16.04.1-Ubuntu SMP Thu Jun 4 15:40:05 UTC 2020', 'x86_64', 'x86_64')
ERT_VERSION  1.0.0
CONFIG  {'ERT_WORKING_SET_MIN': ['1'], 'ERT_CFLAGS': ['-O3'], 'ERT_CC': ['gcc'], 'ERT_MPI_CFLAGS': [], 'ERT_MPI_LDFLAGS': [], 'ERT_MEMORY_MAX': ['6442450944'], 'ERT_PROCS_THREADS': ['96'], 'ERT_LDFLAGS': [], 'ERT_LDLIBS': [], 'ERT_SPEC_GBYTES_DRAM': ['1.0'], 'ERT_RUN': ['export', 'KMP_AFFINITY=scatter;', 'export', 'OMP_NUM_THREADS=ERT_OPENMP_THREADS;', 'ERT_CODE'], 'ERT_FLOPS': ['1,2,4,8,16'], 'ERT_OPENMP_CFLAGS': ['-fopenmp'], 'ERT_SPEC_GFLOPS': ['1.0'], 'ERT_MPI': ['False'], 'ERT_TRIALS_MIN': ['1'], 'ERT_DRIVER': ['driver1'], 'ERT_RESULTS': ['Results.x86'], 'ERT_OPENMP': ['True'], 'ERT_MPI_PROCS': ['1'], 'ERT_KERNEL': ['kernel1'], 'ERT_OPENMP_THREADS': ['1-96'], 'ERT_LD': ['gcc'], 'ERT_NUM_EXPERIMENTS': ['4'], 'ERT_OPENMP_LDFLAGS': ['-fopenmp'], 'ERT_ALIGN': ['32'], 'ERT_GNUPLOT': ['gnuplot']}
