768 8388608 19855.113 34537.959 39708.312 324.488784313 373.064948279 648.946288445 20.2805490196 23.3165592674 40.5591430278
1536 4194304 14829.642 30565.269 30572.002 421.460848001 421.553688535 868.86129065 26.341303 26.3471055334 54.3038306656
2304 2097152 6798.021 13226.61 19710.492 490.280831955 730.623826967 1421.54259541 30.6425519972 45.6639891854 88.8464122132
3072 2097152 10557.04 19682.318 19717.835 653.46433257 654.643517496 1220.5032744 40.8415207856 40.9152198435 76.2814546502
3840 1048576 6728.31 9953.6 10105.865 796.870300563 809.060408294 1196.89248563 49.8043937852 50.5662755184 74.805780352
4608 1048576 6716.127 6748.037 9884.16 977.693240093 1432.07223315 1438.87636669 61.1058275058 89.5045145722 89.9297729182
5376 1048576 7373.318 10478.764 10486.438 1075.13048301 1075.91784222 1529.06590384 67.1956551882 67.2448651387 95.5666189903
6144 1048576 8156.174 12095.371 13330.243 966.591673385 1065.27545852 1579.77280622 60.4119795866 66.5797161575 98.7358003888
6912 524288 5482.207 6637.851 7728.714 937.770153223 1091.88309771 1322.05101194 58.6106345765 68.2426936067 82.6281882461
7680 524288 4553.016 4562.073 6756.493 1191.89995165 1765.22025842 1768.73168906 74.4937469779 110.326266151 110.545730566
8448 524288 7187.911 7951.881 9412.517 941.126592175 1113.99680755 1232.39840449 58.8204120109 69.6248004717 77.0249002805
9216 524288 4872.584 7302.045 8911.449 1084.41134725 1323.42055082 1983.27548914 67.7757092028 82.7137844261 123.954718072
9984 524288 5710.003 7716.401 7732.892 1353.82503519 1356.71834369 1833.44610922 84.6140646992 84.7948964809 114.590381826
10752 524288 5200.989 5302.68 7744.533 1455.77391845 2126.14925887 2167.72024551 90.9858699033 132.884328679 135.482515345
11520 524288 8249.709 8300.133 8391.254 1439.54592722 1455.34963355 1464.24504428 89.9716204515 90.9593520971 91.5153152675
12288 524288 5640.172 5731.904 8346.45 1543.75835092 2247.92702181 2284.48740358 96.4848969322 140.495438863 142.780462723
13056 262144 3073.266 4488.175 4515.015 1516.07561171 1525.14198488 2227.30610627 94.7547257318 95.3213740552 139.206631642
13824 262144 3302.936 5191.051 5801.203 1249.35419636 1396.20229352 2194.33779886 78.0846372726 87.2626433452 137.146112428
14592 262144 3640.848 4274.385 5918.333 1292.66306847 1789.82719058 2101.27159827 80.7914417793 111.864199411 131.329474892
15360 262144 3283.328 4750.386 4782.497 1683.86173164 1695.24406648 2452.71373436 105.241358228 105.952754155 153.294608397
16896 262144 1988.253 3450.312 5037.915 1758.34051349 2567.41130889 4455.35354304 109.896282093 160.463206806 278.45959644
18432 262144 4153.318 4274.255 6132.444 1575.8279107 2260.90310849 2326.7364589 98.4892444187 141.306444281 145.421028681
19968 262144 2027.206 5568.158 5583.727 1874.90949755 1880.15188937 5164.24220528 117.181843597 117.509493086 322.76513783
21504 262144 6125.041 6155.808 6158.533 1830.67772016 1831.48810879 1840.68794837 114.41735751 114.468006799 115.042996773
23040 262144 2339.751 4388.088 4392.406 2750.1090564 2752.8152398 5162.76967934 171.881816025 172.050952488 322.673104959
25344 131072 1326.775 3601.304 4739.485 1401.79313491 1844.8255232 5007.46361365 87.6120709318 115.3015952 312.966475853
27648 131072 3440.454 4806.391 4917.238 1473.9488534 1507.94167849 2106.62816942 92.1218033376 94.2463549054 131.664260589
29952 131072 1483.057 4308.137 4321.042 1817.09344366 1822.53653679 5294.29218702 113.568340229 113.908533549 330.893261689
32256 131072 3522.035 5388.0 5485.483 1541.4717107 1569.36096214 2400.80432591 96.3419819185 98.0850601336 150.050270369
35328 131072 1587.633 5305.025 5708.29 1622.38134923 1745.70774539 5833.22671675 101.398834327 109.106734087 364.576669797
38400 131072 3281.605 4782.637 6298.315 1598.25756571 2104.76555089 3067.50190836 99.8910978571 131.54784693 191.718869273
42240 131072 3459.959 5196.532 5201.951 2128.61723611 2130.83698128 3200.31611935 133.038577257 133.17731133 200.01975746
46080 131072 4708.077 10322.491 10407.941 1160.61337396 1170.22097864 2565.71749358 72.5383358726 73.1388111649 160.357343348
50688 65536 2153.823 4107.121 4168.516 1593.7992168 1617.62400864 3084.64415878 99.6124510497 101.10150054 192.790259924
55296 65536 2833.326 4431.869 6196.214 1169.707391 1635.3726412 2558.03861328 73.1067119373 102.210790075 159.87741333
60672 65536 3782.713 5322.007 5590.96 1422.36760485 1494.24838862 2102.30075187 88.897975303 93.3905242891 131.393796992
66048 65536 4517.4 5759.185 6206.623 1394.80736239 1503.17162168 1916.37744189 87.1754601496 93.9482263549 119.773590118
72192 65536 4348.053 6847.443 6990.581 1353.58560669 1381.88077272 2176.22688224 84.5991004181 86.367548295 136.01418014
79104 65536 5181.053 5237.619 5264.739 1969.38907855 1979.58642811 2001.19927127 123.086817409 123.724151757 125.074954454
86784 65536 5445.598 5476.206 8063.72 1410.63336128 2077.15934134 2088.83440313 88.1645850798 129.822458834 130.552150195
95232 65536 4694.431 5719.692 8421.49 1482.19005235 2182.3288219 2658.94816731 92.6368782721 136.395551369 166.184260457
104448 32768 3154.648 6026.846 6034.36 1134.35461723 1135.76887944 2169.84719943 70.8971635766 70.9855549652 135.615449965
114432 32768 1930.816 4900.798 4905.556 1528.75954367 1530.24375867 3884.06536511 95.5474714793 95.6402349168 242.754085319
125184 32768 3577.119 5107.115 5165.543 1588.22772824 1606.39786337 2293.48216372 99.2642330148 100.399866461 143.342635232
137472 32768 3774.278 3811.408 5479.291 1644.25743988 2363.78918027 2387.04329464 102.766089992 147.736823767 149.190205915
150528 32768 3917.496 5779.824 5814.479 1696.62716264 1706.79989702 2518.19095871 106.039197665 106.674993564 157.38693492
165120 32768 4269.416 6259.632 6293.456 1719.45340048 1728.74448849 2534.60996071 107.46583753 108.046530531 158.413122544
181248 32768 4530.845 4765.073 6639.874 1788.92986945 2492.77795492 2621.64539462 111.808116841 155.798622183 163.852837164
198912 16384 2611.651 4861.013 6023.711 1082.04866004 1340.86216515 2495.71953374 67.6280412523 83.8038853218 155.982470858
218112 16384 1488.377 3948.304 4395.582 1625.97217297 1810.16811674 4801.93796061 101.623260811 113.135507296 300.121122538
239616 16384 2864.334 4232.375 5549.503 1414.85410279 1855.16101196 2741.20863279 88.4283814244 115.947563248 171.32553955
263424 16384 4477.325 4523.281 4613.639 1870.94777723 1908.32221832 1927.90955135 116.934236077 119.270138645 120.494346959
289536 16384 3316.461 3329.695 6458.164 1469.07319913 2849.36477605 2860.73487612 91.8170749458 178.085298503 178.795929758
317952 16384 3528.397 4747.881 4837.75 2153.61503509 2194.37916325 2952.80013445 134.600939693 137.148697703 184.550008403
349440 16384 3860.719 5614.324 5647.526 2027.51610528 2039.5064339 2965.88534934 126.71975658 127.469152119 185.367834333
384000 16384 4172.173 5947.548 6050.571 2079.62389004 2115.64698595 3015.91329027 129.976493128 132.227936622 188.494580642
422400 8192 2887.998 3474.766 3514.552 1969.1276726 1991.67414439 2396.33185342 123.070479538 124.479634024 149.770740838
464640 8192 2612.793 3672.948 3723.793 2044.33000438 2072.6298766 2913.61074528 127.770625274 129.539367288 182.10067158
510720 8192 2755.26 4015.58 4048.311 2066.94507413 2083.79274725 3036.96801028 129.184067133 130.237046703 189.810500642
561408 8192 2977.897 2997.443 3318.705 2771.59574955 3068.65173816 3088.79342435 173.224734347 191.790733635 193.049589022
617472 8192 1707.969 4655.509 4772.157 2119.93470626 2173.05159285 5923.21128077 132.495919141 135.815724553 370.200705048
678912 8192 3486.699 5000.795 5109.999 2176.7703297 2224.30517708 3190.20776041 136.048145606 139.019073567 199.387985025
746496 8192 3791.641 5520.238 5542.409 2206.7282411 2215.59115096 3225.67206758 137.920515068 138.474446935 201.604504224
820992 4096 2276.023 4102.583 4111.87 1635.64666782 1639.34927435 2954.96419149 102.227916739 102.459329647 184.685261968
902400 4096 1409.83 3333.283 4506.259 1640.48733107 2217.77172835 5243.51219651 102.530458192 138.610733022 327.719512282
992256 4096 2583.699 3672.377 4708.869 1726.22367537 2213.43319381 3146.09447618 107.88897971 138.339574613 196.630904761
1091328 4096 1571.724 3968.391 4056.997 2203.63953338 2252.8422668 5688.12270857 137.727470836 140.802641675 355.507669285
1200384 4096 1581.642 3019.014 4483.877 2193.08998173 3257.20441442 6217.30184707 137.068123858 203.575275901 388.581365442
1320192 4096 3276.846 4654.155 4752.52 2275.63752788 2323.73285032 3300.43366823 142.227345492 145.233303145 206.277104264
1451520 4096 1968.386 5195.69 7012.512 1695.66224486 2288.59917355 6040.914658 105.978890304 143.037448347 377.557166125
1596672 2048 2043.387 3046.946 3122.327 2094.58154511 2146.40118729 3200.55305823 130.911346569 134.150074205 200.034566139
1755648 2048 1604.856 4240.651 4306.505 1669.83068823 1695.76185543 4480.8594715 104.364418014 105.985115965 280.053716969
1930752 2048 2370.72 3455.811 3569.555 2215.50310669 2288.42381484 3335.84741851 138.468944168 143.026488428 208.490463657
2123520 2048 1556.495 3756.014 3772.645 2305.52779814 2315.73628852 5588.15667252 144.095487384 144.733518033 349.259792033
2335488 2048 2830.05 2938.272 3579.222 2672.69223535 3255.70908616 3380.20842317 167.043264709 203.481817885 211.263026448
2568960 2048 3140.21 3219.399 4553.858 2310.66936211 3268.45481408 3350.87785849 144.416835132 204.27842588 209.429866155
2825472 2048 3357.758 3428.27 4946.493 2339.66434644 3375.79400456 3446.68475572 146.229021652 210.987125285 215.417797233
3107328 2048 3699.908 5432.895 5444.516 2337.69456973 2342.69491459 3439.98161252 146.105910608 146.418432162 214.998850782
3417600 1024 2352.907 4384.822 4560.972 1534.59499422 1596.24376999 2974.72224784 95.9121871391 99.7652356242 185.92014049
3759360 1024 2575.504 3286.805 3755.613 2050.04330318 2342.44784221 2989.3835459 128.127706449 146.402990138 186.836471619
4134912 1024 2816.815 2852.903 4187.152 2022.44861806 2968.30974485 3006.33863992 126.403038629 185.519359053 187.896164995
4548096 1024 4485.61 4512.52 4543.649 2050.00443652 2064.14611082 2076.52930326 128.125277283 129.009131926 129.783081454
5002752 1024 4831.408 4844.352 6456.691 1586.82459731 2114.96524117 2120.63152108 99.1765373316 132.185327573 132.539470068
5502720 1024 5285.709 5907.403 6513.658 1730.14465297 1907.7030228 2132.08304884 108.134040811 119.231438925 133.255190552
6052608 1024 2142.782 4647.744 5855.616 2116.89789494 2667.04473913 5784.88207573 132.306118434 166.690296195 361.555129733
6657792 512 2321.808 4326.122 4378.65 1557.00478641 1575.91002011 2936.32333423 97.3127991504 98.4943762566 183.520208389
7322880 512 3564.636 3654.864 4772.137 1571.33567624 2051.68485613 2103.61706497 98.2084797649 128.230303508 131.476066561
8054784 512 2653.179 3930.851 4434.444 1860.00743633 2098.298515 3108.76077943 116.250464771 131.143657188 194.297548714
8859648 512 3034.182 4354.214 4407.193 2058.51650971 2083.56308441 2990.02484096 128.657281857 130.222692775 186.87655256
9745152 512 3250.767 4760.595 4948.898 2016.41570467 2096.17403875 3069.74804654 126.025981542 131.010877422 191.859252909
10718976 512 3562.501 3642.621 5342.935 2054.34492914 3013.27846735 3081.04655241 128.396558072 188.329904209 192.565409525
11790336 512 3890.436 4292.138 5676.43 2126.91851463 2812.88813733 3103.32930911 132.932407164 175.805508583 193.958081819
12969216 256 2309.615 3240.969 3317.302 2001.69854659 2048.84359955 2875.04133459 125.106159162 128.052724972 179.690083412
14265600 256 2506.053 3539.859 4706.434 1551.91535672 2063.35540483 2914.53820011 96.9947097951 128.959712802 182.158637507
15691776 256 1420.741 2767.132 3849.56 2087.04093767 2903.43551085 5654.92888007 130.440058604 181.464719428 353.433055004
17260800 256 3004.697 4256.992 4327.143 2042.34747962 2076.00333757 2941.23820139 127.646717476 129.750208598 183.827387587
18986496 256 3163.364 4572.123 4628.868 2100.10005729 2126.16457431 3073.02161623 131.256253581 132.885285895 192.063851014
20884992 256 1878.278 5038.696 5051.52 2116.81155454 2122.19905785 5693.0421929 132.300722159 132.637441116 355.815137056
22973184 256 3808.663 5510.88 5516.43 2132.22504555 2134.37240658 3088.29376818 133.264065347 133.398275412 193.018360511
25270272 128 1329.981 3361.595 4207.66 1537.47917655 1924.44052065 4864.12184234 96.0924485343 120.27753254 304.007615146
27796992 128 2381.55 3472.112 4597.059 1547.95271325 2049.48168492 2987.98259621 96.7470445778 128.092605308 186.748912263
30576384 128 2726.837 3775.23 3794.827 2062.69068498 2073.39799271 2870.5618649 128.918167811 129.587374544 179.410116556
33633792 128 2932.692 4110.938 4204.925 2047.6585794 2094.47351237 2935.95466281 127.978661213 130.904594523 183.497166426
36996864 128 4496.781 4608.841 4623.188 2048.6290378 2055.00627685 2106.21713266 128.039314862 128.437892303 131.638570791
40696320 128 1866.395 5000.003 5031.311 2070.68454325 2083.65033381 5582.02198356 129.417783953 130.228145863 348.876373972
44765952 128 3816.577 5503.967 5608.393 2043.38100272 2082.14978615 3002.71256469 127.71131267 130.134361634 187.669535293
49241856 128 4202.04 5984.538 7672.839 1642.92710117 2106.4140851 2999.95124654 102.682943823 131.650880319 187.496952909
54165504 64 2546.99 3527.286 4540.804 1526.86275646 1965.58615094 2722.10904322 95.428922279 122.849134434 170.131815201
59581440 64 1508.215 3724.325 3871.07 1970.10757232 2047.73329932 5056.58962416 123.13172327 127.983331208 316.03685151
65539584 64 2905.551 4232.917 5482.898 1530.04246149 1981.86422082 2887.25503424 95.6276538429 123.866513801 180.45343964
72092928 64 3289.18 4689.852 5754.476 1603.60296646 1967.63027575 2805.5304921 100.225185404 122.976892235 175.345655756
79302144 64 3613.517 5019.46 5095.472 1992.09698964 2022.264234 2809.08445484 124.506061853 126.391514625 175.567778427
87231744 64 3771.162 3924.62 3957.131 2821.65620294 2845.030406 2960.80179849 176.353512684 177.814400375 185.050112406
95954688 64 2329.462 4391.163 6045.722 2031.55223876 2797.02667926 5272.54793768 126.972014922 174.814167454 329.534246105
105550080 32 1839.625 2696.951 4735.418 1426.52773631 2504.75634151 3672.05551131 89.1579835191 156.547271345 229.503469457
116104704 32 2937.15 3310.459 3881.669 1914.30569067 2244.61352821 2529.9017946 119.644105667 140.288345513 158.118862162
127714560 32 3203.84 4608.66 4651.581 1757.19434747 1773.55930791 2551.22972433 109.824646717 110.847456744 159.451857771
140485632 32 2204.94 5210.107 5498.478 1635.19440252 1725.69976931 4077.69846254 102.199650158 107.856235582 254.856153909
154533888 32 4421.49 5880.793 6207.945 1593.14698052 1681.77469127 2236.84071026 99.5716862827 105.110918204 139.802544391
169986816 32 2096.196 7751.366 8341.171 1304.27205293 1403.51471263 5189.95180985 81.517003308 87.7196695395 324.371988116
186984960 32 7968.452 10003.544 10590.774 1129.94927849 1196.27978245 1501.80203633 70.6218299059 74.7674864028 93.8626272706
205683456 16 6854.577 8969.968 12258.647 536.916561183 733.767455135 960.215428611 33.557285074 45.8604659459 60.0134642882
226251264 16 3694.529 7432.398 17088.201 423.686521946 974.119045832 1959.66534516 26.4804076216 60.8824403645 122.479084073
248875776 16 11611.455 13598.115 24509.298 324.938920405 585.671236932 685.876561723 20.3086825253 36.6044523083 42.8672851077
273762816 16 20649.19 21257.569 24090.424 363.646987367 412.107805554 424.249576472 22.7279367105 25.7567378471 26.5155985295
301138944 16 29300.822 31745.279 46453.934 207.440907115 303.555253302 328.879722487 12.9650566947 18.9722033314 20.5549826554
331252224 16 21841.302 50534.305 57319.602 184.929252789 209.759908007 485.32231128 11.5580782993 13.1099942504 30.332644455
364376832 16 35484.451 68080.874 82834.384 140.7635098 171.267757579 328.596280777 8.79771936253 10.7042348487 20.5372675485
400813824 16 76735.242 90444.074 131595.138 97.4659289312 141.811860089 167.146698619 6.0916205582 8.86324125559 10.4466686637
440894976 8 51155.469 58337.739 62546.551 112.785109702 120.922060692 137.899617654 7.04906935636 7.55762879326 8.61872610336
484984320 8 58408.0 71786.204 90770.346 85.4877111518 108.095270228 132.854217231 5.34298194699 6.75595438923 8.30338857691
533482752 8 52175.479 67357.099 93709.83 91.0867518594 126.723450961 163.596467068 5.69292199121 7.92021568506 10.2247791918
586830336 8 59100.157 91349.811 114664.592 81.884784241 102.783851146 158.870734912 5.11779901506 6.4239906966 9.929420932
645513216 8 75405.612 100450.153 144656.738 71.3980668913 102.819270529 136.968737234 4.46237918071 6.42620440807 8.56054607713
710064384 8 51669.432 103454.739 172611.68 65.8184321246 109.816430391 219.879137514 4.11365200779 6.86352689943 13.7424460946
781070592 8 102837.224 121265.895 165065.658 75.7100515239 103.055599202 121.523403549 4.73187822024 6.44097495013 7.59521272181
859176960 4 38905.398 72943.872 79866.687 86.0611093083 94.2288295307 176.669974691 5.37881933177 5.88930184567 11.0418734182
945094656 4 33843.759 83286.821 88601.244 85.3346624343 90.779755515 223.401816802 5.33341640214 5.67373471969 13.9626135501
1039603968 4 55182.931 94286.15 109610.668 75.876115854 88.2084138975 150.713845627 4.74225724087 5.51302586859 9.41961535171
1143564288 4 65521.852 101397.958 117862.28 77.6203744234 90.2238514902 139.625392518 4.85127340146 5.63899071814 8.72658703237
1257920256 4 63970.016 117924.767 138402.146 72.7110260848 85.337137431 157.313733484 4.5444391303 5.33357108944 9.83210834276
1383711744 4 49010.302 80242.42 101672.261 108.876244544 137.953141892 225.864634582 6.80476528401 8.62207136824 14.1165396614
1522082304 4 35317.179 79624.122 93316.854 130.487236871 152.926752925 344.780041237 8.15545230447 9.55792205784 21.5487525773
1674289920 2 30079.84 43696.811 45902.492 145.899697123 153.264266356 222.646120458 9.1187310702 9.57901664723 13.9153825286
1841718528 2 29760.182 38813.596 46561.114 158.21945566 189.801380733 247.541299042 9.88871597875 11.8625862958 15.4713311901
2025890304 2 30871.784 48639.717 51397.823 157.66351069 166.603790396 262.490862724 9.85396941812 10.4127368998 16.4056789203
2228478720 2 52032.761 57671.501 57968.047 153.7729032 154.56360118 171.313509195 9.61080644997 9.66022507373 10.7070943247
2451326208 2 47885.435 61467.5 67014.568 146.316019406 159.520150193 204.76591331 9.1447512129 9.97000938707 12.7978695818
2696458752 2 21791.378 64016.553 65317.901 165.128316172 168.48509491 494.95883225 10.3205197607 10.5303184319 30.9349270156
2966104320 2 62486.498 67646.071 76640.915 154.805266612 175.389599198 189.871694842 9.67532916328 10.9618499499 11.8669809276
3262714368 1 102060.348 126806.831 159342.651 40.9521788112 51.4595994911 63.9369634131 2.5595111757 3.2162249682 3.99606021332
3588985344 1 137315.119 162995.241 172249.161 41.6720211949 44.0379157328 52.2737098455 2.60450132468 2.7523697333 3.26710686534
3947883264 1 169702.853 186871.854 187124.227 42.1953194121 42.2523047692 46.5270111163 2.63720746325 2.64076904808 2.90793819477
4342671360 1 193236.424 204313.508 209050.217 41.5466811977 42.5098800614 44.9467162568 2.59666757485 2.65686750384 2.80916976605
4776938496 1 212290.125 221926.04 223371.357 42.7712716631 43.0498241306 45.0038690778 2.67320447894 2.69061400816 2.81274181736
5254632192 1 237632.263 239807.447 248915.244 42.2202522237 43.8237615865 44.2249055382 2.63876576398 2.73898509916 2.76405659614
5780094720 1 254892.027 267729.357 282560.29 40.9122932313 43.1786396887 45.3532798811 2.55701832696 2.69866498055 2.83457999257
6358103808 1 273895.153 286146.797 294707.839 43.1485218009 44.4394546761 46.4272823988 2.69678261256 2.77746591726 2.90170514993

META_DATA
TIMESTAMP_DATA  1594366968.58
HOSTNAME  ('helios-PowerEdge-R7425', [], ['127.0.1.1'])
MPI_PROCS      1
FLOPS          1
TIMESTAMP_DATA  1594366950.01
TIMESTAMP_DATA  1594366959.32
OPENMP_THREADS 96
UNAME  ('Linux', 'helios-PowerEdge-R7425', '4.15.0-106-generic', '#107~16.04.1-Ubuntu SMP Thu Jun 4 15:40:05 UTC 2020', 'x86_64', 'x86_64')
TIMESTAMP_DATA  1594366978.46
ERT_VERSION  1.0.0
CONFIG  {'ERT_WORKING_SET_MIN': ['1'], 'ERT_CFLAGS': ['-O3'], 'ERT_CC': ['gcc'], 'ERT_MPI_CFLAGS': [], 'ERT_MPI_LDFLAGS': [], 'ERT_MEMORY_MAX': ['6442450944'], 'ERT_PROCS_THREADS': ['96'], 'ERT_LDFLAGS': [], 'ERT_LDLIBS': [], 'ERT_SPEC_GBYTES_DRAM': ['1.0'], 'ERT_RUN': ['export', 'KMP_AFFINITY=scatter;', 'export', 'OMP_NUM_THREADS=ERT_OPENMP_THREADS;', 'ERT_CODE'], 'ERT_FLOPS': ['1,2,4,8,16'], 'ERT_OPENMP_CFLAGS': ['-fopenmp'], 'ERT_SPEC_GFLOPS': ['1.0'], 'ERT_MPI': ['False'], 'ERT_TRIALS_MIN': ['1'], 'ERT_DRIVER': ['driver1'], 'ERT_RESULTS': ['Results.x86'], 'ERT_OPENMP': ['True'], 'ERT_MPI_PROCS': ['1'], 'ERT_KERNEL': ['kernel1'], 'ERT_OPENMP_THREADS': ['1-96'], 'ERT_LD': ['gcc'], 'ERT_NUM_EXPERIMENTS': ['4'], 'ERT_OPENMP_LDFLAGS': ['-fopenmp'], 'ERT_ALIGN': ['32'], 'ERT_GNUPLOT': ['gnuplot']}
