768 8388608 50716.727 58261.987 63449.15 203.074460225 221.154522039 254.056258165 25.3843075282 27.6443152548 31.7570322706
1536 4194304 16696.618 24884.661 27575.771 467.254456385 517.784907257 771.707293537 58.4068070481 64.7231134071 96.4634116921
2304 2097152 14658.802 14771.583 21845.42 442.366245007 654.207231276 659.240531116 55.2957806259 81.7759039096 82.4050663895
3072 2097152 8043.363 15061.776 15104.777 853.034896709 855.470290356 1601.92967643 106.629362089 106.933786295 200.241209554
3840 1048576 10935.439 11012.403 11047.689 728.936493415 731.272155587 736.41887445 91.1170616769 91.4090194483 92.0523593063
4608 1048576 5090.563 7466.602 11037.85 875.503509832 1294.2535863 1898.35120713 109.437938729 161.781698288 237.293900891
5376 1048576 7561.26 11289.982 11376.214 991.040530004 998.610020105 1491.05957896 123.880066251 124.826252513 186.38244737
6144 1048576 7372.597 7545.26 9834.447 1310.18062205 1707.681629 1747.67478651 163.772577757 213.460203625 218.459348314
6912 524288 2173.831 6150.909 6224.446 1164.40199047 1178.32296202 3334.09419223 145.550248809 147.290370253 416.761774029
7680 524288 4113.423 4353.403 6092.72 1321.75180872 1849.83188554 1957.75238287 165.218976089 231.228985692 244.719047859
8448 524288 4562.935 6678.857 6705.869 1320.98763755 1326.33024603 1941.37546294 165.123454693 165.791280754 242.671932868
9216 524288 4891.53 7111.147 7299.951 1323.80017565 1358.94763756 1975.59381543 165.475021956 169.868454695 246.949226929
9984 524288 4718.747 7765.963 9335.713 1121.39081225 1348.05983289 2218.59378856 140.173851531 168.507479111 277.32422357
10752 524288 5266.242 7761.074 8254.298 1365.86892695 1452.6712607 2140.86043748 170.733615869 181.583907588 267.607554685
11520 524288 5586.632 6839.609 8289.904 1457.14540482 1766.12369508 2162.23218569 182.143175603 220.765461885 270.279023211
12288 524288 3348.14 8822.782 8839.734 1457.61194715 1460.41258732 3848.37607985 182.201493393 182.551573415 481.047009982
13056 262144 1642.646 3102.44 4546.314 1505.63822208 2206.3614858 4167.12068699 188.204777761 275.795185725 520.890085874
13824 262144 3492.51 5052.672 5063.973 1431.2393277 1434.44049248 2075.22879305 178.904915962 179.30506156 259.403599131
14592 262144 3428.631 3528.198 5064.064 1510.72547582 2168.36200689 2231.33095862 188.840684478 271.045250862 278.916369828
15360 262144 3863.065 5571.984 5617.319 1433.61338033 1445.27760309 2084.63064432 179.201672542 180.659700387 260.57883054
16896 262144 2182.928 4284.383 6156.93 1438.76413212 2067.59527521 4058.02209143 179.845516516 258.449409402 507.252761429
18432 262144 4530.434 6656.696 6680.321 1446.58863189 1451.72265881 2133.05754283 180.823578987 181.465332351 266.632192854
19968 262144 4865.502 5262.375 7207.668 1452.47849707 1989.4026526 2151.67577446 181.559812133 248.675331576 268.959471808
21504 262144 2750.561 5349.869 7789.167 1447.43194645 2107.39536837 4098.90533313 180.928993306 263.424421047 512.363166641
23040 262144 5572.035 8261.722 8261.872 1462.0894054 1462.11595113 2167.89656203 182.761175675 182.764493891 270.987070254
25344 131072 3053.619 6024.101 6036.365 1100.62554799 1102.86622618 2175.70611658 137.578193499 137.858278273 271.963264572
27648 131072 3437.087 5056.95 5143.252 1409.17795045 1433.22700679 2108.6918405 176.147243806 179.153375849 263.586480063
29952 131072 1943.24 3663.34 3728.362 2105.94815847 2143.3274247 4040.53904201 263.243519808 267.915928087 505.067380252
32256 131072 3957.741 5893.207 5944.553 1422.43106656 1434.82434335 2136.50081296 177.80388332 179.353042919 267.06260162
35328 131072 5251.295 6399.785 7313.847 1266.23146916 1447.08349296 1763.56941135 158.278933645 180.88543662 220.446176419
38400 131072 4714.549 6894.492 6998.306 1438.39517735 1460.05385168 2135.16279076 179.799397168 182.50673146 266.895348845
42240 131072 5051.61 7545.74 7591.066 1458.68347871 1467.44554676 2191.96702833 182.335434839 183.430693345 273.995878542
46080 131072 7716.962 10835.111 11321.602 1066.95108342 1114.85664706 1565.33043962 133.368885428 139.357080883 195.666304953
50688 65536 1686.118 3215.612 4619.0 1438.35841871 2066.10049222 3940.28029829 179.794802338 258.262561528 492.535037287
55296 65536 3548.044 5132.923 6738.54 1075.56789928 1412.01364447 2042.74730302 134.44598741 176.501705558 255.343412878
60672 65536 4018.686 5864.072 5875.814 1353.41254573 1356.12256875 1978.8558708 169.176568217 169.515321094 247.35698385
66048 65536 4207.008 6109.612 6150.428 1407.55138602 1416.95470285 2057.76729115 175.943923252 177.119337856 257.220911394
72192 65536 4489.698 6580.904 6607.213 1432.12422908 1437.84954529 2107.56933406 179.015528635 179.731193161 263.446166758
79104 65536 4782.636 7091.761 7107.631 1458.7588309 1462.02325318 2167.9089707 182.344853862 182.752906648 270.988621338
86784 65536 5233.691 7693.618 7767.215 1464.48275836 1478.49197192 2173.40925324 183.060344795 184.81149649 271.676156655
95232 65536 5782.869 8550.603 8605.065 1450.56994967 1459.80917416 2158.48719796 181.321243709 182.47614677 269.810899745
104448 32768 1753.554 3283.849 4691.105 1459.16668418 2084.47590861 3903.56049942 182.395835523 260.559488576 487.945062428
114432 32768 3513.16 5197.884 5199.107 1442.44301031 1442.78239992 2134.66382174 180.305376289 180.347799989 266.832977718
125184 32768 5620.114 5651.443 5680.428 1444.26768969 1451.67501893 1459.76729725 180.533461211 181.459377366 182.470912156
137472 32768 4209.163 6197.616 6224.326 1447.44426818 1453.68235012 2140.41722594 180.930533523 181.710293765 267.552153243
150528 32768 4585.327 4612.077 6797.019 1451.37199234 2138.95019706 2151.42846039 181.421499042 267.368774632 268.928557549
165120 32768 5018.408 6126.664 7394.207 1463.48409234 1766.26371546 2156.32214838 182.935511543 220.782964432 269.540268547
181248 32768 8136.768 8147.729 8192.682 1449.86329605 1457.86254403 1459.82642346 181.232912006 182.232818004 182.478302933
198912 16384 3130.623 3161.52 4648.575 1402.13902454 2061.65022394 2081.99723058 175.267378067 257.706277993 260.249653823
218112 16384 3388.766 4994.142 5774.654 1237.66619022 1431.09547466 2109.05504127 154.708273777 178.886934332 263.631880159
239616 16384 3725.867 5444.456 5451.338 1440.33209608 1442.15273078 2107.35839148 180.04151201 180.269091347 263.419798935
263424 16384 4018.155 4112.512 5959.219 1448.49142681 2098.93068567 2148.2191782 181.061428352 262.366335709 268.527397276
289536 16384 4456.245 6477.26 6535.269 1451.74064725 1464.74213603 2129.03815836 181.467580906 183.092767003 266.129769795
317952 16384 4879.137 7186.93 7189.223 1449.20405668 1449.66642725 2135.34711897 181.150507085 181.208303406 266.918389871
349440 16384 5344.319 7865.93 7939.097 1442.28618444 1455.70198565 2142.54611673 180.285773055 181.962748207 267.818264591
384000 16384 5836.751 8645.059 8676.328 1450.25775881 1455.5033112 2155.80757171 181.282219852 181.9379139 269.475946464
422400 8192 3314.126 4826.88 4857.467 1424.73466109 1433.76292761 2088.213182 178.091832636 179.220365951 261.02664775
464640 8192 3589.783 3629.667 3642.642 2089.87371254 2097.34440102 2120.64678004 261.234214068 262.168050127 265.080847505
510720 8192 3941.932 5802.677 5803.027 1441.94339954 1442.03037322 2122.72471468 180.242924942 180.253796653 265.340589335
561408 8192 6318.463 6339.902 6361.042 1446.00659326 1450.82821028 1455.75097488 180.750824157 181.353526285 181.96887186
617472 8192 2475.515 4760.835 7000.82 1445.06804174 2124.97623799 4086.68953652 180.633505218 265.622029749 510.836192065
678912 8192 5160.885 5219.795 7641.781 1455.5892413 2130.98296159 2155.30751179 181.948655163 266.372870199 269.413438974
746496 8192 5666.382 5751.641 8400.452 1455.94433061 2126.45234012 2158.44792391 181.993041327 265.806542515 269.805990489
820992 4096 3240.117 4683.04 4695.113 1432.46104279 1436.15396495 2075.71716207 179.057630349 179.519245618 259.464645258
902400 4096 1885.861 6083.332 6817.446 1084.34460647 1215.19930196 3919.93938047 135.543075809 151.899912745 489.992422559
992256 4096 5617.76 5644.31 5645.372 1439.86280302 1440.13371909 1446.93991057 179.982850377 180.016714886 180.867488821
1091328 4096 4217.158 6164.855 6180.755 1446.45095559 1450.18154944 2119.94878447 180.806369448 181.272693681 264.993598058
1200384 4096 4637.334 6772.513 6797.9 1446.55639653 1451.97886338 2120.51703155 180.819549567 181.497357923 265.064628944
1320192 4096 2628.743 5062.792 7415.587 1458.41628775 2136.17562483 4114.13853085 182.302035968 267.021953104 514.267316356
1451520 4096 2914.578 8181.642 8193.424 1451.26772885 1453.35763163 4079.78508038 181.408466106 181.669703954 509.973135047
1596672 2048 3126.154 4460.563 4686.516 1395.48622303 1466.1755729 2092.01738366 174.435777878 183.271946613 261.502172958
1755648 2048 3472.102 3506.496 4539.732 1584.04377351 2050.80348245 2071.11836231 198.005471689 256.350435306 258.889795288
1930752 2048 3749.773 3774.098 3829.261 2065.24449287 2095.43053519 2109.02371744 258.155561608 261.928816899 263.627964679
2123520 2048 4104.876 4158.397 4181.961 2079.87064442 2091.6564532 2118.92829893 259.983830552 261.457056649 264.866037366
2335488 2048 4473.177 4521.928 6578.49 1454.15723791 2115.50445916 2138.56032256 181.769654738 264.438057395 267.32004032
2568960 2048 4966.71 7242.624 7246.62 1452.05077126 1452.85191665 2118.59765519 181.506346407 181.606489582 264.824706899
2825472 2048 5399.01 5405.112 7874.356 1469.72442089 2141.14588412 2143.56582262 183.715552612 267.643235515 267.945727828
3107328 2048 5900.409 5940.554 8803.977 1445.66659908 2142.49638805 2157.07343135 180.708324885 267.812048506 269.634178919
3417600 1024 3328.744 3433.61 4872.875 1436.36863248 2038.45072679 2102.66839384 179.54607906 254.806340848 262.833549231
3759360 1024 3675.664 5367.923 7044.682 1092.90515597 1434.29204927 2094.63359001 136.613144497 179.286506159 261.829198752
4134912 1024 4089.398 5836.189 5904.637 1434.1778802 1450.99820722 2070.79373932 179.272235025 181.374775903 258.849217415
4548096 1024 2458.064 6420.875 6456.491 1442.65679422 1450.65907809 3789.36456008 180.332099278 181.332384761 473.67057001
5002752 1024 4901.129 7074.438 7087.573 1445.5775053 1448.26148678 2090.46448196 180.697188163 181.032685847 261.308060245
5502720 1024 5280.719 7791.09 9118.957 1235.83986195 1446.46905119 2134.09775449 154.479982744 180.808631398 266.762219311
6052608 1024 5808.888 8501.15 8555.752 1448.81959926 1458.12521647 2133.92669716 181.102449907 182.265652059 266.740837145
6657792 512 4469.179 4801.692 4845.223 1407.07228708 1419.82847046 1525.465641 175.884035884 177.478558808 190.683205126
7322880 512 5206.63 5250.853 5295.026 1416.16474027 1428.07827985 1440.2077966 177.020592533 178.509784982 180.025974575
8054784 512 3914.31 4008.937 5696.157 1448.01114436 2057.42789572 2107.16545598 181.001393044 257.178486965 263.395681998
8859648 512 4279.955 6265.323 6306.841 1438.48236415 1448.01465974 2119.71377082 179.810295519 181.001832467 264.964221353
9745152 512 4658.193 6896.415 6969.632 1431.78802668 1446.98885551 2142.25465712 178.973503336 180.873606939 267.78183214
10718976 512 5116.281 7582.69 7680.824 1429.04347554 1447.53793495 2145.3535144 178.630434443 180.942241869 268.1691893
11790336 512 5609.514 5669.317 7739.354 1559.9886068 2129.58704973 2152.29056635 194.99857585 266.198381216 269.036320794
12969216 256 3227.945 4682.8 5579.559 1190.1009725 1418.00602033 2057.11020231 148.762621562 177.250752541 257.138775289
14265600 256 1983.715 3569.655 6795.476 1074.83084334 2046.13252541 3681.9740739 134.353855418 255.766565677 460.246759237
15691776 256 3855.47 5522.582 7479.166 1074.20925167 1454.78859562 2083.84173966 134.276156459 181.848574453 260.480217457
17260800 256 4172.263 6099.743 6189.261 1427.88122847 1448.8363854 2118.16215804 178.485153559 181.104548175 264.770269755
18986496 256 4578.174 6731.938 6789.184 1431.84894562 1444.02487842 2123.35440986 178.981118202 180.503109803 265.419301232
20884992 256 5125.187 7369.631 7374.159 1450.07937909 1450.97032728 2086.38551218 181.259922386 181.37129091 260.798189022
22973184 256 6917.013 8126.458 8217.018 1431.45240865 1447.40429447 1700.48403957 178.931551081 180.925536808 212.560504946
25270272 128 3096.849 4489.478 4586.619 1410.44844405 1440.96699705 2088.95869059 176.306055506 180.120874632 261.119836324
27796992 128 1944.843 3464.838 4972.021 1431.21478208 2053.78431892 3658.92257216 178.90184776 256.723039865 457.36532152
30576384 128 3806.238 5570.131 7365.724 1062.69991979 1405.27292877 2056.50679332 132.837489974 175.659116096 257.063349165
33633792 128 4107.782 6108.099 7932.595 1085.4267427 1409.64492422 2096.08269183 135.678342837 176.205615528 262.010336478
36996864 128 4551.644 6619.576 6661.345 1421.81454106 1430.78607814 2080.82995595 177.726817632 178.848259768 260.103744493
40696320 128 4952.816 7268.642 7280.634 1430.95476575 1433.3155932 2103.50191083 178.869345719 179.16444915 262.937738854
44765952 128 5420.321 7971.308 7985.655 1435.08374855 1437.66665546 2114.28137042 179.385468568 179.708331932 264.285171303
49241856 128 3214.82 6001.91 8635.592 1459.76270486 2100.31725501 3921.18847587 182.470338108 262.539656876 490.148559484
54165504 64 3346.677 4883.085 4987.76 1390.03971963 1419.8369498 2071.66228232 173.754964954 177.479618725 258.95778529
59581440 64 3750.915 5484.911 7183.643 1061.63743382 1390.43720491 2033.21704704 132.704679228 173.804650613 254.15213088
65539584 64 4089.038 4183.905 5822.585 1440.78046984 2005.08060102 2051.59911745 180.09755873 250.635075127 256.449889681
72092928 64 4396.844 4514.665 6516.173 1416.15251529 2043.98217454 2098.75419369 177.019064411 255.497771817 262.344274211
79302144 64 4828.412 5026.824 7281.616 1394.01397053 2019.30173644 2102.28009375 174.251746316 252.412717056 262.785011718
87231744 64 5416.553 5487.315 7905.825 1412.33372001 2034.81360775 2061.39646967 176.541715001 254.351700969 257.674558709
95954688 64 5839.896 8522.77 8649.909 1419.92245976 1441.10424944 2103.15390274 177.49030747 180.13803118 262.894237843
105550080 32 1919.585 4943.608 4976.419 1357.44299666 1366.45242098 3519.09663808 169.680374583 170.806552623 439.887079759
116104704 32 3792.022 5412.697 5583.285 1330.88335201 1372.82782613 1959.56169453 166.360419001 171.603478266 244.945211816
127714560 32 2527.404 4725.319 6027.838 1355.99726469 1729.77355391 3234.04245621 169.499658086 216.221694239 404.255307026
140485632 32 4622.066 6866.248 7045.915 1276.06995656 1309.46048672 1945.2514196 159.50874457 163.68256084 243.15642745
154533888 32 4934.07 7754.171 8384.251 1179.61268478 1275.46437034 2004.4646371 147.451585598 159.433046292 250.558079638
169986816 32 6390.117 8560.121 8909.665 1221.05109721 1270.91150043 1702.49718808 152.631387151 158.863937554 212.81214851
186984960 32 6704.285 10423.881 10619.307 1126.91321948 1148.04048895 1784.98340091 140.864152435 143.505061119 223.122925114
205683456 16 4056.266 7132.818 7920.482 830.993693566 922.758801921 1622.64274384 103.874211696 115.34485024 202.83034298
226251264 16 3424.423 8848.26 10448.316 692.938503009 818.244541639 2114.2366022 86.6173128761 102.280567705 264.279575274
248875776 16 5752.612 12094.91 15367.539 518.236838833 658.46085932 1384.41890953 64.7796048541 82.307607415 173.052363691
273762816 16 11851.545 19094.218 22024.355 397.760121102 458.799104106 739.178741 49.7200151378 57.3498880132 92.3973426249
301138944 16 12359.075 25455.53 34031.651 283.161290294 378.560030296 779.706103248 35.3951612868 47.320003787 97.463262906
331252224 16 17232.572 49992.261 55069.539 192.485198905 212.03424202 615.118344957 24.0606498631 26.5042802525 76.8897931197
364376832 16 38666.781 72215.207 77137.695 151.159023147 161.462649051 301.552348617 18.8948778934 20.1828311314 37.6940435771
400813824 16 44225.03 89518.641 100739.896 127.318399932 143.277894132 290.017720011 15.9147999915 17.9097367664 36.2522150013
440894976 8 27751.21 54723.13 62633.695 112.628188645 128.909286 254.198631916 14.0785235806 16.11366075 31.7748289894
484984320 8 56184.627 59627.154 76278.336 101.729396929 130.137841561 138.111606935 12.7161746161 16.2672301952 17.2639508668
533482752 8 68584.318 79136.609 80995.991 105.38452492 107.860624051 124.455914718 13.1730656151 13.4825780063 15.5569893397
586830336 8 74382.195 84098.09 98757.172 95.0744658423 111.646832598 126.230280997 11.8843082303 13.9558540747 15.7787851246
645513216 8 62710.819 86995.326 111908.681 92.2914233615 118.721452415 164.695847075 11.5364279202 14.8401815518 20.5869808844
710064384 8 78153.177 100881.4 134676.588 84.3578703078 112.617689128 145.368756333 10.5447337885 14.077211141 18.1710945417
781070592 8 91633.983 141769.081 164894.587 75.7885974268 88.151304811 136.380948016 9.47357467835 11.0189131014 17.047618502
859176960 4 48717.874 77258.923 81068.296 84.7854959231 88.965978467 141.086117182 10.5981869904 11.1207473084 17.6357646477
945094656 4 60905.768 86618.991 101545.995 74.4564790369 87.2875239103 124.138607824 9.30705987961 10.9109404888 15.5173259781
1039603968 4 47727.89 84325.105 90607.721 91.7894375028 98.628181299 174.255173317 11.4736796878 12.3285226624 21.7818966646
1143564288 4 45165.852 56153.559 68632.868 133.296401135 162.919581001 202.553785634 16.6620501419 20.3649476251 25.3192232043
1257920256 4 49973.926 74047.128 107586.687 93.5372426516 135.904826018 201.372252562 11.6921553314 16.9881032523 25.1715315703
1383711744 4 42915.648 73217.173 77039.191 143.689125084 151.189857494 257.940738819 17.9611406356 18.8987321868 32.2425923523
1522082304 4 69987.185 77860.088 82665.687 147.300033108 156.391531846 173.984114835 18.4125041385 19.5489414808 21.7480143543
1674289920 2 24418.108 32070.198 44811.228 149.452714842 208.828136328 274.270212909 18.6815893552 26.103517041 34.2837766137
1841718528 2 33074.378 50093.3 52035.417 141.574230336 147.063062565 222.736588183 17.696778792 18.3828828207 27.8420735229
2025890304 2 50788.361 54232.711 56062.138 144.546060944 149.422019784 159.555477996 18.068257618 18.677752473 19.9444347495
2228478720 2 55670.323 61701.228 70695.201 126.089391556 144.469002789 160.119690342 15.7611739445 18.0586253486 20.0149612928
2451326208 2 47107.167 62208.097 69006.158 142.093185828 157.621038175 208.148896579 17.7616482286 19.7026297718 26.0186120723
2696458752 2 55990.634 67560.03 68544.443 157.35535276 159.648167829 192.636415012 19.669419095 19.9560209787 24.0795518765
2966104320 2 50700.708 73369.539 85444.992 138.854448954 161.707671081 234.008907331 17.3568061192 20.2134588852 29.2511134164
3262714368 1 140563.804 154115.963 157828.796 41.3449820399 42.341030799 46.4232508676 5.16812275499 5.29262884987 5.80290635845
3588985344 1 154199.509 158435.772 166426.706 43.1299210356 45.3052400818 46.5498932814 5.39124012945 5.66315501022 5.81873666018
3947883264 1 173598.227 180982.345 192104.283 41.1014601273 43.6272749588 45.4829906068 5.13768251591 5.45340936985 5.68537382585
4342671360 1 189021.03 202912.564 216205.387 40.1717220857 42.8033757437 45.9490815387 5.02146526072 5.35042196796 5.74363519234
4776938496 1 208084.75 217185.161 236378.486 40.4177095542 43.9895476653 45.9133934226 5.05221369427 5.49869345816 5.73917417783
5254632192 1 230917.448 239995.93 256382.056 40.9906393137 43.7893441943 45.5109151561 5.12382991421 5.47366802429 5.68886439452
5780094720 1 237495.527 255251.128 259711.491 44.5116594398 45.2894744504 48.6753985897 5.56395742998 5.6611843063 6.08442482371
6358103808 1 262305.98 280154.684 303710.648 41.8694823502 45.3899518453 48.4785273138 5.23368529377 5.67374398066 6.05981591422

META_DATA
MPI_PROCS      1
FLOPS          2
HOSTNAME  ('helios-PowerEdge-R7425', [], ['127.0.1.1'])
TIMESTAMP_DATA  1594366999.31
TIMESTAMP_DATA  1594366989.49
OPENMP_THREADS 96
UNAME  ('Linux', 'helios-PowerEdge-R7425', '4.15.0-106-generic', '#107~16.04.1-Ubuntu SMP Thu Jun 4 15:40:05 UTC 2020', 'x86_64', 'x86_64')
TIMESTAMP_DATA  1594367009.36
ERT_VERSION  1.0.0
CONFIG  {'ERT_WORKING_SET_MIN': ['1'], 'ERT_CFLAGS': ['-O3'], 'ERT_CC': ['gcc'], 'ERT_MPI_CFLAGS': [], 'ERT_MPI_LDFLAGS': [], 'ERT_MEMORY_MAX': ['6442450944'], 'ERT_PROCS_THREADS': ['96'], 'ERT_LDFLAGS': [], 'ERT_LDLIBS': [], 'ERT_SPEC_GBYTES_DRAM': ['1.0'], 'ERT_RUN': ['export', 'KMP_AFFINITY=scatter;', 'export', 'OMP_NUM_THREADS=ERT_OPENMP_THREADS;', 'ERT_CODE'], 'ERT_FLOPS': ['1,2,4,8,16'], 'ERT_OPENMP_CFLAGS': ['-fopenmp'], 'ERT_SPEC_GFLOPS': ['1.0'], 'ERT_MPI': ['False'], 'ERT_TRIALS_MIN': ['1'], 'ERT_DRIVER': ['driver1'], 'ERT_RESULTS': ['Results.x86'], 'ERT_OPENMP': ['True'], 'ERT_MPI_PROCS': ['1'], 'ERT_KERNEL': ['kernel1'], 'ERT_OPENMP_THREADS': ['1-96'], 'ERT_LD': ['gcc'], 'ERT_NUM_EXPERIMENTS': ['4'], 'ERT_OPENMP_LDFLAGS': ['-fopenmp'], 'ERT_ALIGN': ['32'], 'ERT_GNUPLOT': ['gnuplot']}
TIMESTAMP_DATA  1594367018.78
