768 8388608 142144.943 146130.235 151806.214 84.877302111 88.1740995489 90.6462207945 42.4386510555 44.0870497745 45.3231103973
1536 4194304 50005.572 77929.011 83041.564 155.1620811 165.341529716 257.669323091 77.5810405498 82.670764858 128.834661545
2304 2097152 41944.597 54945.352 60126.784 160.721658022 175.877959905 230.391447461 80.3608290109 87.9389799523 115.195723731
3072 2097152 43021.312 68281.805 69935.633 184.239440401 188.701834815 299.50044034 92.1197202004 94.3509174076 149.75022017
3840 1048576 15605.453 34205.574 34701.012 232.069994962 235.43132707 516.04164775 116.034997481 117.715663535 258.020823875
4608 1048576 18585.443 30847.876 38674.082 249.874745986 313.268777922 519.959433628 124.937372993 156.634388961 259.979716814
5376 1048576 23676.237 36964.621 39303.15 286.854594403 305.002157387 476.185854703 143.427297201 152.501078694 238.092927352
6144 1048576 32010.372 49173.753 55765.077 231.056829492 262.028035322 402.522716325 115.528414746 131.014017661 201.261358162
6912 524288 17116.292 19709.688 27489.927 263.651384451 367.725623663 423.442023074 131.825692225 183.862811831 211.721011537
7680 524288 12170.4 25702.16 34070.762 236.362887334 313.322447608 661.692605009 118.181443667 156.661223804 330.846302504
8448 524288 14803.241 24470.553 26520.963 334.013891125 362.001220324 598.407473607 167.006945562 181.000610162 299.203736803
9216 524288 15129.292 37209.759 41567.501 232.481534456 259.70811625 638.739500566 116.240767228 129.854058125 319.369750283
9984 524288 22882.78 35601.237 40418.027 259.017660214 294.062332272 457.504847925 129.508830107 147.031166136 228.752423962
10752 524288 33254.763 39874.389 46172.553 244.177296239 282.745126251 339.027800379 122.08864812 141.372563126 169.513900189
11520 524288 18577.108 38986.627 40308.231 299.680616597 309.839461618 650.240905097 149.840308298 154.919730809 325.120452548
12288 524288 27805.168 44474.453 51652.996 249.451201011 289.714679301 463.399533785 124.725600505 144.857339651 231.699766892
13056 262144 16385.373 19951.652 19976.319 342.660934079 343.084579061 417.756991434 171.330467039 171.542289531 208.878495717
13824 262144 11805.998 18688.476 22682.345 319.532980915 387.819601341 613.90467049 159.766490458 193.909800671 306.952335245
14592 262144 14374.147 28704.352 32839.986 232.960224039 266.524410514 532.234051593 116.48011202 133.262205257 266.117025796
15360 262144 16411.272 26351.256 36290.248 221.90709967 305.604548034 490.703199606 110.953549835 152.802274017 245.351599803
16896 262144 15019.044 18845.1 24002.287 369.063583316 470.062246844 589.809181463 184.531791658 235.031123422 294.904590732
18432 262144 14771.841 22829.711 28390.815 340.380380627 423.293856677 654.195805113 170.190190313 211.646928338 327.097902557
19968 262144 20710.212 25679.418 31395.953 333.450071861 407.679908633 505.49858128 166.725035931 203.839954317 252.74929064
21504 262144 27449.322 34654.505 41384.076 272.430612006 325.334012187 410.731061117 136.215306003 162.667006093 205.365530558
23040 262144 34739.083 42364.483 48454.095 249.299786117 285.134968365 347.723499783 124.649893059 142.567484182 173.861749891
25344 131072 19836.085 29164.755 29253.691 227.109035096 227.801589144 334.933911404 113.554517548 113.900794572 167.466955702
27648 131072 21334.641 22129.911 32386.837 223.787130309 327.509555371 339.71780036 111.893565154 163.754777685 169.85890018
29952 131072 30838.949 33035.874 34546.823 227.278123027 237.673054692 254.604561524 113.639061514 118.836527346 127.302280762
32256 131072 30022.721 33835.661 38513.2 219.553733889 249.905472927 281.643921082 109.776866944 124.952736463 140.821960541
35328 131072 35832.149 38059.53 39051.999 237.14594564 243.32994212 258.455702224 118.57297282 121.66497106 129.227851112
38400 131072 15359.652 39024.388 42545.441 236.601839431 257.949710832 655.374848336 118.300919715 128.974855416 327.687424168
42240 131072 28083.88 33231.73 35271.51 313.935030284 333.20451749 394.281792972 156.967515142 166.602258745 197.140896486
46080 131072 24324.089 28288.373 30437.067 396.871207071 427.0162699 496.61039803 198.435603536 213.50813495 248.305199015
50688 65536 11483.504 20158.038 22183.912 299.486291507 329.58453278 578.54967752 149.743145754 164.79226639 289.27483876
55296 65536 11236.712 20040.167 21418.158 338.393120081 361.661522681 645.00694794 169.19656004 180.83076134 322.50347397
60672 65536 12361.919 21511.914 30783.436 258.333747539 369.674236518 643.298211548 129.166873769 184.837118259 321.649105774
66048 65536 25189.38 31559.589 37645.365 229.963063341 274.307864275 343.678306334 114.981531671 137.153932138 171.839153167
72192 65536 35548.819 38112.831 40631.528 232.88195866 248.272027444 266.179020574 116.44097933 124.136013722 133.089510287
79104 65536 25258.529 39595.847 45419.213 228.280474345 261.853711274 410.487858893 114.140237172 130.926855637 205.243929447
86784 65536 33698.234 40392.6 40400.825 281.552479386 281.609810906 337.553369948 140.776239693 140.804905453 168.776684974
95232 65536 21331.986 46599.303 48904.93 255.234977414 267.863420704 585.142363397 127.617488707 133.931710352 292.571181699
104448 32768 10522.715 23793.055 26552.863 257.791565753 287.693368002 650.507414484 128.895782877 143.846684001 325.253707242
114432 32768 12395.131 26769.75 33243.773 225.588580213 280.145147116 605.0291483 112.794290107 140.072573558 302.51457415
125184 32768 17188.678 33867.23 36565.262 224.367560227 242.241796096 477.294334329 112.183780113 121.120898048 238.647167164
137472 32768 20104.878 28058.011 29254.733 307.962646318 321.097778171 448.118361723 153.981323159 160.548889086 224.059180861
150528 32768 23106.81 37542.692 37590.924 262.43044752 262.767598232 426.93054593 131.21522376 131.383799116 213.465272965
165120 32768 32878.298 37555.477 41885.084 258.356992193 288.141842001 329.132132083 129.178496097 144.070921 164.566066041
181248 32768 29493.62 42246.502 48158.512 246.649417407 281.165738361 402.740285119 123.324708704 140.582869181 201.37014256
198912 16384 18719.615 19900.586 22314.286 292.097556516 327.525451562 348.188166049 146.048778258 163.762725781 174.094083025
218112 16384 15747.619 19305.021 26590.393 268.784820743 370.219437524 453.852357998 134.392410372 185.109718762 226.926178999
239616 16384 23930.773 32080.434 34587.279 227.012280671 244.751585593 328.102108862 113.506140336 122.375792796 164.051054431
263424 16384 19384.229 38129.112 38384.259 224.880663503 226.385488128 445.304150709 112.440331752 113.192744064 222.652075355
289536 16384 28656.092 36234.634 37523.848 252.839624763 261.835558985 331.081978938 126.419812382 130.917779492 165.540989469
317952 16384 23708.407 38037.759 39344.407 264.806409104 273.902864151 439.449649063 132.403204552 136.951432076 219.724824532
349440 16384 29511.944 43590.858 46709.52 245.141673903 262.680076634 387.993753309 122.570836951 131.340038317 193.996876654
384000 16384 30312.303 44892.536 49975.986 251.779164497 280.289623202 415.109073039 125.889582249 140.144811601 207.554536519
422400 8192 12054.042 21181.445 29083.572 237.955695401 326.729437014 574.13120014 118.9778477 163.364718507 287.06560007
464640 8192 23189.205 34645.988 34649.806 219.702868178 219.727079511 328.284723862 109.851434089 109.863539755 164.142361931
510720 8192 21019.512 29065.879 34619.54 241.702705466 287.885203128 398.088998451 120.851352733 143.942601564 199.044499225
561408 8192 14127.215 23239.669 37151.851 247.581437382 395.793445767 651.091433945 123.790718691 197.896722884 325.545716973
617472 8192 30749.051 35909.886 44524.798 227.214085239 281.723569047 329.007267509 113.607042619 140.861784524 164.503633754
678912 8192 25112.055 38153.486 41327.25 269.151569679 291.540705035 442.946393993 134.575784839 145.770352518 221.473196996
746496 8192 25615.959 43694.553 46320.29 264.04390957 279.911101597 477.459792312 132.021954785 139.955550798 238.729896156
820992 4096 20006.935 22541.11 30744.433 218.757212533 298.368911913 336.16175911 109.378606267 149.184455956 168.080879555
902400 4096 15380.492 22524.429 25930.968 285.082330903 328.197478391 480.638772804 142.541165451 164.098739196 240.319386402
992256 4096 12812.282 20486.984 35487.895 229.051656966 396.767096221 634.435079715 114.525828483 198.38354811 317.217539857
1091328 4096 35123.713 39635.442 39736.301 224.987196871 225.559714359 254.53342521 112.493598435 112.779857179 127.266712605
1200384 4096 36723.139 38488.474 41252.78 238.372922455 255.493260866 267.775195579 119.186461228 127.746630433 133.88759779
1320192 4096 24711.826 39101.501 44901.734 240.859581592 276.588176602 437.645233663 120.429790796 138.294088301 218.822616831
1451520 4096 18236.359 33791.378 41572.318 286.028117075 351.890113508 652.040894786 143.014058538 175.945056754 326.020447393
1596672 2048 19946.962 20006.114 20009.2 326.848075485 326.898492731 327.86789848 163.424037743 163.449246365 163.93394924
1755648 2048 21944.734 28149.192 30634.717 234.738065574 255.465031039 327.692931161 117.369032787 127.732515519 163.84646558
1930752 2048 13165.684 24121.751 32271.092 245.060197901 327.85182933 600.679781772 122.53009895 163.925914665 300.339890886
2123520 2048 36060.186 38575.868 39659.136 219.317383011 225.476142753 241.206130218 109.658691506 112.738071377 120.603065109
2335488 2048 22562.23 38483.144 39262.223 243.64791693 248.580491448 423.989953475 121.823958465 124.290245724 211.994976738
2568960 2048 27054.803 32224.084 48059.045 218.948590427 326.540241144 388.931316927 109.474295213 163.270120572 194.465658464
2825472 2048 22874.916 41360.672 47266.932 244.846297873 279.810088966 505.93118296 122.423148936 139.905044483 252.96559148
3107328 2048 31438.392 31936.195 50746.83 250.806119082 398.532620683 404.843081287 125.403059541 199.266310342 202.421540644
3417600 1024 21380.167 29906.654 31096.141 225.084032131 234.036371973 327.370913426 112.542016066 117.018185986 163.685456713
3759360 1024 17786.036 33749.249 34548.496 222.851069407 228.128610506 432.877189723 111.425534703 114.064305253 216.438594862
4134912 1024 21955.784 33907.305 37844.518 223.765560338 249.74853578 385.697899743 111.882780169 124.87426789 192.848949871
4548096 1024 26308.816 36427.184 41008.282 227.137059972 255.701912286 354.044842155 113.568529986 127.850956143 177.022421077
5002752 1024 15738.954 42212.358 42297.847 242.225948191 242.716507237 650.973126677 121.112974095 121.358253619 325.486563338
5502720 1024 25279.809 34000.77 34018.964 331.273185156 331.450451269 445.793342822 165.636592578 165.725225635 222.896671411
6052608 1024 24595.298 33092.389 33716.538 367.645728752 374.579822085 503.988249461 183.822864376 187.289911043 251.994124731
6657792 512 19605.413 22156.681 31117.12 219.094151644 307.698567669 347.739627214 109.547075822 153.849283835 173.869813607
7322880 512 11554.738 25779.084 31382.919 238.939823284 290.880355563 648.965742019 119.469911642 145.440177781 324.482871009
8054784 512 15858.157 37217.384 37643.211 219.112519811 221.619521028 520.117111717 109.556259906 110.809760514 260.058555859
8859648 512 21930.027 36643.589 37778.805 240.142046632 247.581631592 413.692128696 120.071023316 123.790815796 206.846064348
9745152 512 23202.86 36232.049 36559.292 272.954838622 275.420130062 430.077828681 136.477419311 137.710065031 215.038914341
10718976 512 16852.048 45383.486 45521.654 241.121103025 241.855185474 651.32922859 120.560551512 120.927592737 325.664614295
11790336 512 34443.72 44362.774 48550.185 248.676788029 272.149439167 350.52265156 124.338394014 136.074719584 175.26132578
12969216 256 10266.726 20203.623 20348.495 326.325784388 328.665734458 646.772748391 163.162892194 164.332867229 323.386374196
14265600 256 20135.947 22290.341 29388.694 248.530513129 327.674987117 362.733731868 124.265256564 163.837493558 181.366865934
15691776 256 22249.976 24544.833 36589.729 219.574988161 327.327112472 361.087549578 109.787494081 163.663556236 180.543774789
17260800 256 23837.338 36438.625 38096.409 231.978021866 242.531917711 370.743142544 115.989010933 121.265958855 185.371571272
18986496 256 19031.68 33318.402 36748.907 264.527213068 291.763271 510.784436897 132.263606534 145.8816355 255.392218448
20884992 256 24430.669 39832.791 43951.314 243.294566893 268.450079333 437.692308139 121.647283446 134.225039666 218.84615407
22973184 256 33896.916 41935.228 49357.087 238.309651621 280.48661636 347.001190551 119.154825811 140.24330818 173.500595275
25270272 128 18879.314 19826.647 24141.487 267.969807825 326.287628564 342.660206404 133.984903913 163.143814282 171.330103202
27796992 128 28479.501 30234.658 31989.875 222.446319406 235.360027952 249.864980148 111.223159703 117.680013976 124.932490074
30576384 128 18191.606 30562.512 35042.14 223.375464626 256.116195684 430.283852014 111.687732313 128.058097842 215.141926007
33633792 128 31597.701 35536.646 35909.866 239.77395939 242.292160943 272.496114575 119.886979695 121.146080471 136.248057287
36996864 128 34775.14 39544.241 41108.45 230.395385474 239.508887881 272.355400553 115.197692737 119.75444394 136.177700277
40696320 128 23880.89 39530.736 43095.18 241.749957188 263.548291132 436.259198045 120.874978594 131.774145566 218.129599022
44765952 128 39049.094 41968.261 47580.059 240.858963878 273.065488989 293.478863095 120.429481939 136.532744495 146.739431547
49241856 128 45449.87 50348.933 51189.678 246.258926184 250.3710483 277.358662104 123.129463092 125.18552415 138.679331052
54165504 64 21121.633 31224.05 31604.132 219.375887685 222.046291625 328.250401472 109.687943842 111.023145812 164.125200736
59581440 64 18616.231 32211.089 34821.257 219.016341656 236.763939276 409.665324845 109.508170828 118.381969638 204.832662422
65539584 64 13053.675 35698.049 36155.385 232.028140538 235.000706957 642.659385346 116.014070269 117.500353479 321.329692673
72092928 64 17487.818 22078.555 42127.027 219.049276466 417.957370127 527.675595892 109.524638233 208.978685063 263.837797946
79302144 64 27516.487 30987.577 31830.466 318.898078087 327.5723827 368.894271714 159.449039043 163.78619135 184.447135857
87231744 64 28929.063 41767.704 43346.531 257.590699288 267.327675756 385.966985242 128.795349644 133.663837878 192.983492621
95954688 64 22758.238 49550.359 51327.367 239.291449803 247.873079265 539.681501881 119.645724901 123.936539632 269.84075094
105550080 32 19631.331 30319.466 30816.518 219.207280978 222.800926639 344.103266355 109.603640489 111.40046332 172.051633178
116104704 32 23123.642 33963.501 34025.878 218.383815283 218.784896645 321.346484088 109.191907642 109.392448323 160.673242044
127714560 32 23763.169 35893.574 37460.549 218.195730127 227.721314127 343.966406164 109.097865063 113.860657064 171.983203082
140485632 32 29714.214 36518.576 39378.932 228.322099949 246.205669356 302.585168432 114.161049975 123.102834678 151.292584216
154533888 32 23837.919 40540.967 45126.264 219.166577406 243.954931613 414.892291227 109.583288703 121.977465806 207.446145614
169986816 32 18636.048 42529.723 45281.825 240.254367486 255.801248082 583.769489325 120.127183743 127.900624041 291.884744663
186984960 32 33694.667 41904.34 44338.218 269.903437256 285.579905089 355.161172538 134.951718628 142.789952544 177.580586269
205683456 16 10561.628 29849.246 30004.056 219.366028113 220.50374713 623.187125318 109.683014056 110.251873565 311.593562659
226251264 16 14222.473 23010.44 31279.945 231.459500584 314.641547402 509.056367905 115.729750292 157.320773701 254.528183952
248875776 16 24356.941 33727.087 33899.571 234.929959202 236.131416627 326.971471171 117.464979601 118.065708313 163.485735586
273762816 16 17095.995 35335.71 39132.409 223.865852777 247.919459153 512.424700171 111.932926388 123.959729577 256.212350086
301138944 16 33764.538 38918.148 42898.762 224.632268129 247.608036436 285.401393853 112.316134065 123.804018218 142.700696926
331252224 16 33812.948 43088.898 45814.833 231.367670117 246.004694017 313.491481666 115.683835058 123.002347008 156.745740833
364376832 16 45838.377 50233.208 56284.75 207.161951044 232.118534496 254.373286908 103.580975522 116.059267248 127.186643454
400813824 16 42443.349 55491.495 64061.423 200.214759013 231.135282407 302.192043517 100.107379507 115.567641203 151.096021758
440894976 8 24491.172 35570.34 37096.087 190.163442737 198.320275151 288.035199622 95.0817213686 99.1601375753 144.017599811
484984320 8 23588.452 29420.283 41967.859 184.897426385 263.755080806 328.963898097 92.4487131926 131.877540403 164.481949049
533482752 8 26979.723 34402.443 44695.427 190.975332488 248.113892144 316.37552513 95.4876662438 124.056946072 158.187762565
586830336 8 33471.348 47304.253 48964.822 191.755733861 198.487129181 280.517097071 95.8778669307 99.2435645903 140.258548535
645513216 8 37701.321 53038.561 56520.691 182.733283569 194.730235159 273.948264465 91.3666417843 97.3651175793 136.974132233
710064384 8 54319.089 60437.956 65762.938 172.757338548 187.978397946 209.153547181 86.3786692742 93.9891989729 104.576773591
781070592 8 52660.112 58196.55 60558.863 206.363343909 214.740039951 237.316803884 103.181671954 107.370019975 118.658401942
859176960 4 26838.357 34948.605 37451.162 183.53010462 196.67210408 256.104189985 91.76505231 98.3360520398 128.052094992
945094656 4 28055.838 41282.115 41449.729 182.407881316 183.148495371 269.489624512 91.2039406579 91.5742476857 134.744812256
1039603968 4 18340.023 47945.383 52308.553 158.99563775 173.464705538 453.479897163 79.4978188749 86.732352769 226.739948581
1143564288 4 24949.831 32642.767 50953.867 179.545044226 280.261606009 366.6764037 89.772522113 140.130803005 183.33820185
1257920256 4 41219.408 49934.237 58132.7 173.110178058 201.532308344 244.141353219 86.5550890291 100.766154172 122.070676609
1383711744 4 30433.56 58055.946 58589.956 188.935010499 190.672871854 363.733127245 94.4675052495 95.3364359268 181.866563623
1522082304 4 60038.339 68830.202 75214.999 161.891359355 176.908654605 202.814711979 80.9456796775 88.4543273024 101.40735599
1674289920 2 23109.074 37767.464 41612.755 160.940069457 177.326168365 289.806492463 80.4700347285 88.6630841827 144.903246231
1841718528 2 31763.662 41331.929 44544.595 165.381997793 178.236881032 231.927732766 82.6909988967 89.118440516 115.963866383
2025890304 2 30365.423 44563.129 51120.699 158.518200543 181.844529274 266.868049755 79.2591002717 90.9222646372 133.434024878
2228478720 2 48433.598 51530.035 54519.844 163.498539724 172.984840395 184.044036538 81.7492698622 86.4924201973 92.0220182692
2451326208 2 49039.513 55826.361 55919.846 175.345705208 175.639333397 199.947027043 87.6728526041 87.8196666983 99.9735135216
2696458752 2 33930.689 63288.655 65469.399 164.746204681 170.422882395 317.878455342 82.3731023405 85.2114411975 158.939227671
2966104320 2 46349.986 74568.037 77517.48 153.054733977 159.108617543 255.974560165 76.5273669887 79.5543087717 127.987280082
3262714368 1 145060.392 156398.844 161993.822 40.2819604812 41.7229985153 44.9842210271 20.1409802406 20.8614992576 22.4921105135
3588985344 1 151015.213 169127.169 180638.717 39.736612434 42.4412631657 47.5314410079 19.868306217 21.2206315829 23.7657205039
3947883264 1 176451.325 188113.023 194996.513 40.4918344771 41.9735242254 44.7475615612 20.2459172385 20.9867621127 22.3737807806
4342671360 1 189307.951 207810.689 229667.398 37.817046719 41.7944946037 45.8794396861 18.9085233595 20.8972473018 22.939719843
4776938496 1 215986.579 233087.953 251337.197 38.0121888285 40.9882916257 44.2336604257 19.0060944143 20.4941458128 22.1168302129
5254632192 1 235553.31 263520.702 266074.615 39.4974333948 39.8802230877 44.615226948 19.7487166974 19.9401115439 22.307613474
5780094720 1 251719.403 283039.523 291974.155 39.5931942675 40.8430219125 45.9249040885 19.7965971337 20.4215109563 22.9624520443
6358103808 1 282607.996 317176.71 323151.638 39.3505900038 40.0918706042 44.9959229604 19.6752950019 20.0459353021 22.4979614802

META_DATA
FLOPS          8
MPI_PROCS      1
TIMESTAMP_DATA  1594367073.52
HOSTNAME  ('helios-PowerEdge-R7425', [], ['127.0.1.1'])
TIMESTAMP_DATA  1594367107.01
TIMESTAMP_DATA  1594367090.34
TIMESTAMP_DATA  1594367123.92
OPENMP_THREADS 96
UNAME  ('Linux', 'helios-PowerEdge-R7425', '4.15.0-106-generic', '#107~16.04.1-Ubuntu SMP Thu Jun 4 15:40:05 UTC 2020', 'x86_64', 'x86_64')
ERT_VERSION  1.0.0
CONFIG  {'ERT_WORKING_SET_MIN': ['1'], 'ERT_CFLAGS': ['-O3'], 'ERT_CC': ['gcc'], 'ERT_MPI_CFLAGS': [], 'ERT_MPI_LDFLAGS': [], 'ERT_MEMORY_MAX': ['6442450944'], 'ERT_PROCS_THREADS': ['96'], 'ERT_LDFLAGS': [], 'ERT_LDLIBS': [], 'ERT_SPEC_GBYTES_DRAM': ['1.0'], 'ERT_RUN': ['export', 'KMP_AFFINITY=scatter;', 'export', 'OMP_NUM_THREADS=ERT_OPENMP_THREADS;', 'ERT_CODE'], 'ERT_FLOPS': ['1,2,4,8,16'], 'ERT_OPENMP_CFLAGS': ['-fopenmp'], 'ERT_SPEC_GFLOPS': ['1.0'], 'ERT_MPI': ['False'], 'ERT_TRIALS_MIN': ['1'], 'ERT_DRIVER': ['driver1'], 'ERT_RESULTS': ['Results.x86'], 'ERT_OPENMP': ['True'], 'ERT_MPI_PROCS': ['1'], 'ERT_KERNEL': ['kernel1'], 'ERT_OPENMP_THREADS': ['1-96'], 'ERT_LD': ['gcc'], 'ERT_NUM_EXPERIMENTS': ['4'], 'ERT_OPENMP_LDFLAGS': ['-fopenmp'], 'ERT_ALIGN': ['32'], 'ERT_GNUPLOT': ['gnuplot']}
