768 8388608 231684.726 247763.906 251963.48 51.1379739953 52.0047576583 55.6139462038 51.1379739953 52.0047576583 55.6139462038
1536 4194304 116814.799 127907.261 132394.614 97.321949124 100.736281797 110.301965147 97.321949124 100.736281797 110.301965147
2304 2097152 105161.727 122201.907 122237.103 79.0568180923 79.0795876532 91.8934739061 79.0568180923 79.0795876532 91.8934739061
3072 2097152 124878.98 136310.958 138201.588 93.2326616102 94.5257965834 103.17910899 93.2326616102 94.5257965834 103.17910899
3840 1048576 44817.737 60367.034 71638.902 112.41188035 133.401678804 179.684745796 112.41188035 133.401678804 179.684745796
4608 1048576 79761.302 88518.4 93243.409 103.639243992 109.171386017 121.15745573 103.639243992 109.171386017 121.15745573
5376 1048576 84465.961 90657.446 93626.306 120.417964071 124.361424786 133.477308711 120.417964071 124.361424786 133.477308711
6144 1048576 114472.883 126574.395 129721.117 99.3277130662 101.797064785 112.558551426 99.3277130662 101.797064785 112.558551426
6912 524288 56034.691 62793.918 64346.757 112.63593769 115.421326505 129.344111347 112.63593769 115.421326505 129.344111347
7680 524288 68291.944 70757.421 80757.678 99.7188611589 113.812283803 117.921136935 99.7188611589 113.812283803 117.921136935
8448 524288 57885.347 83878.332 88985.315 99.5486732614 105.609754472 153.033030069 99.5486732614 105.609754472 153.033030069
9216 524288 66176.944 91057.516 95746.415 100.929903391 106.127169294 146.027843413 100.929903391 106.127169294 146.027843413
9984 524288 86319.443 95139.86 95704.427 109.388699271 110.037819942 121.281862118 109.388699271 110.037819942 121.281862118
10752 524288 91474.546 96440.717 115806.921 97.3541913959 116.903829655 123.25056144 97.3541913959 116.903829655 123.25056144
11520 524288 98703.724 101687.902 107794.197 112.061649478 118.790881535 122.382368471 112.061649478 118.790881535 122.382368471
12288 524288 122372.837 126453.027 127819.706 100.805284969 101.894768308 105.292172707 100.805284969 101.894768308 105.292172707
13056 262144 53811.177 62042.03 62588.273 109.367199315 110.330112151 127.205991573 109.367199315 110.330112151 127.205991573
13824 262144 59650.302 71196.663 72675.874 99.7271434534 101.799115388 121.504117649 99.7271434534 101.799115388 121.504117649
14592 262144 54025.138 63981.673 73881.552 103.549672265 119.571904536 141.608347136 103.549672265 119.571904536 141.608347136
15360 262144 47227.939 58895.137 79652.127 101.102933259 136.735630312 170.51482344 101.102933259 136.735630312 170.51482344
16896 262144 58580.398 74857.289 90706.528 97.6596750346 118.33677343 151.217307332 97.6596750346 118.33677343 151.217307332
18432 262144 83979.761 99709.157 100049.613 96.5888435371 96.9186452554 115.071492237 96.5888435371 96.9186452554 115.071492237
19968 262144 88787.485 102677.305 105429.078 99.2988175805 101.960046419 117.910567959 99.2988175805 101.960046419 117.910567959
21504 262144 100444.144 111771.925 112891.533 99.8683324816 100.868703407 112.244364908 99.8683324816 100.868703407 112.244364908
23040 262144 102284.279 120808.386 121510.021 99.4123399913 99.989710317 118.098261415 99.4123399913 99.989710317 118.098261415
25344 131072 53405.408 67886.495 69411.691 95.7155407149 97.8659678335 124.402710976 95.7155407149 97.8659678335 124.402710976
27648 131072 69986.347 76061.043 77543.148 93.4674113566 95.2886921627 103.559588729 93.4674113566 95.2886921627 103.559588729
29952 131072 47192.303 79216.641 80271.578 97.8146597293 99.1172686557 166.37749355 97.8146597293 99.1172686557 166.37749355
32256 131072 70955.392 85125.818 92902.0 91.0175977266 99.3319895499 119.169475718 91.0175977266 99.3319895499 119.169475718
35328 131072 79851.682 96558.046 100403.467 92.2380820973 95.9114606772 115.977810361 92.2380820973 95.9114606772 115.977810361
38400 131072 87938.505 93070.584 108862.828 92.4680148857 108.158014782 114.470101578 92.4680148857 108.158014782 114.470101578
42240 131072 97581.712 107681.466 110770.059 99.9634978979 102.830718891 113.473747622 99.9634978979 102.830718891 113.473747622
46080 131072 99289.21 107813.643 121057.714 99.7837735479 112.041437279 121.660707342 99.7837735479 112.041437279 121.660707342
50688 65536 35029.808 66951.103 67556.277 98.3443409115 99.2332797863 189.660689433 98.3443409115 99.2332797863 189.660689433
55296 65536 62096.924 66364.234 75918.696 95.4673577639 109.211797909 116.716849163 95.4673577639 109.211797909 116.716849163
60672 65536 58349.806 80942.344 83074.827 95.7257531695 98.247715485 136.288377446 95.7257531695 98.247715485 136.288377446
66048 65536 64328.272 86464.815 87448.918 98.9954324649 100.122153225 134.576029899 98.9954324649 100.122153225 134.576029899
72192 65536 69162.334 95857.845 97544.713 97.0052556718 98.7123153457 136.813627834 97.0052556718 98.7123153457 136.813627834
79104 65536 80202.448 90456.149 96910.626 106.988468819 114.622605568 129.276845614 106.988468819 114.622605568 129.276845614
86784 65536 101347.936 106035.713 112915.297 100.738808206 107.274729675 112.236646319 100.738808206 107.274729675 112.236646319
95232 65536 96159.399 118879.535 129601.183 96.3127682561 104.999138027 129.807890168 96.3127682561 104.999138027 129.807890168
104448 32768 55383.652 68846.913 76866.411 89.0519544096 99.4249971382 123.594307721 89.0519544096 99.4249971382 123.594307721
114432 32768 75865.156 76428.33 82417.356 90.993158674 98.1235040985 98.8519097226 90.993158674 98.1235040985 98.8519097226
125184 32768 69892.562 83110.373 90586.003 90.5665152706 98.7128119856 117.380997194 90.5665152706 98.7128119856 117.380997194
137472 32768 81066.065 95853.326 100896.971 89.2927201155 93.9911567805 111.136083785 89.2927201155 93.9911567805 111.136083785
150528 32768 69706.283 98428.008 101581.733 97.1139467369 100.225567991 141.522436478 97.1139467369 100.225567991 141.522436478
165120 32768 88268.453 104621.395 109113.167 99.1750548309 103.432995899 122.595377535 99.1750548309 103.432995899 122.595377535
181248 32768 105217.061 105598.425 119346.2 99.5278352222 112.485284965 112.892992972 99.5278352222 112.485284965 112.892992972
198912 16384 49844.519 65277.479 67904.499 95.9869892568 99.849879558 130.765599644 95.9869892568 99.849879558 130.765599644
218112 16384 62833.102 75983.177 80629.778 88.6408742934 94.061531752 113.747273149 88.6408742934 94.061531752 113.747273149
239616 16384 64623.214 80009.616 84777.675 92.6156218368 98.1349177829 121.500256672 92.6156218368 98.1349177829 121.500256672
263424 16384 69901.017 78638.499 83746.895 103.071016925 109.76656144 123.487153728 103.071016925 109.76656144 123.487153728
289536 16384 70040.94 83235.668 89191.932 106.371904221 113.983774936 135.456715001 106.371904221 113.983774936 135.456715001
317952 16384 87195.593 104462.297 108757.14 95.7973990121 99.7359950452 119.485982921 95.7973990121 99.7359950452 119.485982921
349440 16384 98582.907 111480.72 112932.038 101.392396018 102.712378607 116.150459227 101.392396018 102.712378607 116.150459227
384000 16384 108058.321 119473.307 122406.841 102.795823315 105.319860276 116.445562762 102.795823315 105.319860276 116.445562762
422400 8192 37297.654 64482.821 73852.737 93.7081262134 107.324733823 185.550587176 93.7081262134 107.324733823 185.550587176
464640 8192 67431.002 79238.302 86369.537 88.1405878093 96.0730046941 112.895575243 88.1405878093 96.0730046941 112.895575243
510720 8192 74658.967 85046.82 93802.114 89.2052014947 98.3885873687 112.078117556 89.2052014947 98.3885873687 112.078117556
561408 8192 66116.17 86034.71 94701.459 97.1274230527 106.91160198 139.120409909 97.1274230527 106.91160198 139.120409909
617472 8192 65007.213 100346.319 103675.935 97.5796480446 100.817462452 155.623672838 97.5796480446 100.817462452 155.623672838
678912 8192 89479.03 106159.526 115585.457 96.2343749526 104.779049296 124.311743299 96.2343749526 104.779049296 124.311743299
746496 8192 101236.587 121300.088 129650.104 94.3353694803 100.829196958 120.811959652 94.3353694803 100.829196958 120.811959652
820992 4096 59835.408 66881.413 73312.587 91.738223124 100.55957496 112.401113134 91.738223124 100.55957496 112.401113134
902400 4096 65758.07 77191.099 79690.269 92.7649121124 95.7683061359 112.419065827 92.7649121124 95.7683061359 112.419065827
992256 4096 49666.557 72218.978 72526.614 112.076942569 112.554364201 163.66266645 112.076942569 112.554364201 163.66266645
1091328 4096 88941.453 90779.765 93552.718 95.5627924781 98.4818475351 100.517347923 95.5627924781 98.4818475351 100.517347923
1200384 4096 96085.64 99893.742 101197.694 97.1716383972 98.4400577165 102.34147088 97.1716383972 98.4400577165 102.34147088
1320192 4096 96897.01 114177.32 114812.971 94.1967860408 94.721200883 111.613483884 94.1967860408 94.721200883 111.613483884
1451520 4096 85326.393 107857.836 113223.734 105.020841655 110.245599958 139.357254209 105.020841655 110.245599958 139.357254209
1596672 2048 50806.993 59121.502 61715.559 105.969525643 110.619119792 128.721818117 105.969525643 110.619119792 128.721818117
1755648 2048 63618.072 73156.174 77449.853 92.8489071245 98.2983911652 113.03602863 92.8489071245 98.2983911652 113.03602863
1930752 2048 44418.128 67184.039 84816.448 93.2408793162 117.711889754 178.043527453 93.2408793162 117.711889754 178.043527453
2123520 2048 70402.927 74257.857 80096.199 108.593641504 117.131550403 123.545117947 108.593641504 117.131550403 123.545117947
2335488 2048 79804.754 87150.72 93511.681 102.299079064 109.765689234 119.869536193 102.299079064 109.765689234 119.869536193
2568960 2048 90995.891 101706.637 102451.983 102.706261527 103.458933167 115.636651769 102.706261527 103.458933167 115.636651769
2825472 2048 88387.095 111724.216 113853.563 101.649285337 103.586614669 130.936912363 101.649285337 103.586614669 130.936912363
3107328 2048 113823.047 129339.002 130662.501 97.4083259588 98.4050850184 111.819317998 97.4083259588 98.4050850184 111.819317998
3417600 1024 42383.95 69614.12 73710.931 94.9553167359 100.543464458 165.13903966 94.9553167359 100.543464458 165.13903966
3759360 1024 67800.174 71958.83 79873.702 96.391792132 106.99408648 113.556777598 96.391792132 106.99408648 113.556777598
4134912 1024 52522.214 81086.794 86295.648 98.1312496315 104.435005483 161.232726709 98.1312496315 104.435005483 161.232726709
4548096 1024 85173.747 100265.809 100635.261 92.5570273823 92.8980746368 109.358821657 92.5570273823 92.8980746368 109.358821657
5002752 1024 70389.873 88094.175 115150.041 88.9763998955 116.303218641 145.555541718 88.9763998955 116.303218641 145.555541718
5502720 1024 86801.886 97796.064 127869.881 88.1331121283 115.235420518 129.830941231 88.1331121283 115.235420518 129.830941231
6052608 1024 102962.398 109846.49 116923.622 106.015713266 112.846037994 120.390952666 106.015713266 112.846037994 120.390952666
6657792 512 52315.387 61654.285 65692.437 103.780272423 110.577537441 130.31689908 103.780272423 110.577537441 130.31689908
7322880 512 62589.736 77312.546 81015.891 92.557509736 96.9911030999 119.806051267 92.557509736 96.9911030999 119.806051267
8054784 512 70214.925 76202.818 77988.412 105.760568839 108.238763769 117.46931035 105.760568839 108.238763769 117.46931035
8859648 512 83666.936 92854.289 97584.098 92.9688313766 97.7044749328 108.433271083 92.9688313766 97.7044749328 108.433271083
9745152 512 79135.15 100428.444 111228.919 89.7161973497 99.3646346647 126.101178149 89.7161973497 99.3646346647 126.101178149
10718976 512 86508.727 108306.045 112183.035 97.8421685953 101.34458722 126.880047882 97.8421685953 101.34458722 126.880047882
11790336 512 90551.879 111421.99 115348.784 104.667805289 108.35656466 133.330243362 104.667805289 108.35656466 133.330243362
12969216 256 54928.01 70233.28 70485.733 94.2068459726 94.5454717763 120.88984458 94.2068459726 94.5454717763 120.88984458
14265600 256 67041.934 77983.212 80348.131 90.9042576236 93.6610202719 108.946546799 90.9042576236 93.6610202719 108.946546799
15691776 256 53879.024 86579.43 93640.683 85.7980639889 92.795590269 149.115346113 85.7980639889 92.795590269 149.115346113
17260800 256 69738.193 85825.969 94431.274 93.586893681 102.970344559 126.724384728 93.586893681 102.970344559 126.724384728
18986496 256 96662.501 99610.943 101788.1 95.503167384 97.5905423564 100.567291881 95.503167384 97.5905423564 100.567291881
20884992 256 75234.384 104543.71 112827.973 94.773624126 102.283685016 142.130703217 94.773624126 102.283685016 142.130703217
22973184 256 117385.978 122007.743 133719.043 87.9625664686 96.4059322694 100.201662996 87.9625664686 96.4059322694 100.201662996
25270272 128 45516.385 62362.871 66957.936 96.6157265063 103.734634539 142.128809922 96.6157265063 103.734634539 142.128809922
27796992 128 47481.584 59165.594 63297.351 112.422239471 120.273109267 149.869261986 112.422239471 120.273109267 149.869261986
30576384 128 62385.714 73809.687 79261.676 98.7558514912 106.050501257 125.470300845 98.7558514912 106.050501257 125.470300845
33633792 128 68212.806 83644.042 84260.227 102.186417703 102.939199806 126.226309353 102.186417703 102.939199806 126.226309353
36996864 128 91227.875 91877.671 98382.021 96.2695936486 103.084863612 103.819114322 96.2695936486 103.084863612 103.819114322
40696320 128 94248.22 105957.117 111559.127 93.3877684432 98.3252301967 110.540633234 93.3877684432 98.3252301967 110.540633234
44765952 128 103802.603 113543.473 116261.302 98.5717819675 100.931241658 110.402662176 98.5717819675 100.931241658 110.402662176
49241856 128 112370.337 120590.179 128173.95 98.3500558109 104.535172271 112.181875329 98.3500558109 104.535172271 112.181875329
54165504 64 61709.508 68414.915 69779.259 99.3588153752 101.340248862 112.35196547 99.3588153752 101.340248862 112.35196547
59581440 64 61763.189 78437.132 79490.485 95.941348452 97.2297702063 123.478473885 95.941348452 97.2297702063 123.478473885
65539584 64 64533.035 85669.475 92532.287 90.6609684466 97.9236391025 129.996470056 90.6609684466 97.9236391025 129.996470056
72092928 64 73208.532 97398.92 99026.097 93.1864938997 94.743296784 126.049444401 93.1864938997 94.743296784 126.049444401
79302144 64 88061.435 101476.165 106287.084 95.5024265413 100.030134485 115.268101548 95.5024265413 100.030134485 115.268101548
87231744 64 93405.573 113023.339 118169.897 94.4882200583 98.7907748151 119.539582847 94.4882200583 98.7907748151 119.539582847
95954688 64 106808.431 121521.242 126125.194 97.3810201949 101.070396104 114.992795503 97.3810201949 101.070396104 114.992795503
105550080 32 32329.129 54274.485 79502.678 84.9682713833 124.463735031 208.951039788 84.9682713833 124.463735031 208.951039788
116104704 32 63781.558 75542.662 81445.656 91.2350814143 98.3642998442 116.502344706 91.2350814143 98.3642998442 116.502344706
127714560 32 65311.874 75596.903 76489.295 106.861121416 108.122575339 125.149246828 106.861121416 108.122575339 125.149246828
140485632 32 64657.709 77128.051 96415.839 93.2531474211 116.573416953 139.05658872 93.2531474211 116.573416953 139.05658872
154533888 32 71192.606 85635.543 88257.162 112.060807394 115.491400948 138.92129236 112.060807394 115.491400948 138.92129236
169986816 32 94131.652 108754.706 113208.716 96.0982211299 100.033889329 115.573837204 96.0982211299 100.033889329 115.573837204
186984960 32 95779.398 118510.855 123727.323 96.7210568356 100.978407759 124.943752935 96.7210568356 100.978407759 124.943752935
205683456 16 50669.845 69898.443 73469.209 89.5867899163 94.1633362563 129.897192147 89.5867899163 94.1633362563 129.897192147
226251264 16 57395.128 78146.037 79102.608 91.5272028452 92.6475701896 126.143815691 91.5272028452 92.6475701896 126.143815691
248875776 16 57415.386 72177.199 87981.906 90.5188941008 110.339898782 138.708896462 90.5188941008 110.339898782 138.708896462
273762816 16 60602.605 86900.44 94289.067 92.9101367818 100.809732517 144.555009013 92.9101367818 100.809732517 144.555009013
301138944 16 82851.408 87081.66 99863.355 96.4963194757 110.659881863 116.309987248 96.4963194757 110.659881863 116.309987248
331252224 16 82989.787 91275.584 103028.192 102.885151746 116.132603085 127.727417447 102.885151746 116.132603085 127.727417447
364376832 16 113148.423 121042.085 127054.704 91.7719553618 96.3306161159 103.05100429 91.7719553618 96.3306161159 103.05100429
400813824 16 126499.284 136867.239 138058.981 92.9026295508 93.7115591847 101.392213161 92.9026295508 93.7115591847 101.392213161
440894976 8 42151.333 72572.219 76531.123 92.1758278132 97.2041328377 167.356975781 92.1758278132 97.2041328377 167.356975781
484984320 8 64547.592 80924.601 84364.522 91.9788192482 95.8886299606 120.217484178 91.9788192482 95.8886299606 120.217484178
533482752 8 64284.219 95473.455 97156.136 87.8557380256 89.4041598474 132.781017873 87.8557380256 89.4041598474 132.781017873
586830336 8 83381.832 96857.617 97437.122 96.3625072588 96.9390499872 112.605889686 96.3625072588 96.9390499872 112.605889686
645513216 8 86882.307 106313.945 108709.83 95.0071530422 97.1482288236 118.875888689 95.0071530422 97.1482288236 118.875888689
710064384 8 79165.726 119165.962 119968.405 94.7001849695 95.3378796539 143.509454382 94.7001849695 95.3378796539 143.509454382
781070592 8 116278.184 125058.336 132837.853 94.078074809 99.9303994577 107.476132169 94.078074809 99.9303994577 107.476132169
859176960 4 48667.576 59416.093 75240.657 91.3524144267 115.682727237 141.231929858 91.3524144267 115.682727237 141.231929858
945094656 4 67329.381 83146.06 83792.32 90.2321029899 90.9334398768 112.295065478 90.2321029899 90.9334398768 112.295065478
1039603968 4 71283.115 93017.004 93442.592 89.0047200745 89.4119503569 116.673236628 89.0047200745 89.4119503569 116.673236628
1143564288 4 80999.08 99228.647 101298.883 90.3120945963 92.1963019812 112.945903879 90.3120945963 92.1963019812 112.945903879
1257920256 4 68081.48 106607.695 117158.332 85.8954021981 94.396207028 147.813502997 85.8954021981 94.396207028 147.813502997
1383711744 4 112712.216 115861.664 123016.271 89.9856080989 95.5423353146 98.2120159185 89.9856080989 95.5423353146 98.2120159185
1522082304 4 105741.312 127132.319 131490.17 92.6050854752 95.7794094199 115.155166904 92.6050854752 95.7794094199 115.155166904
1674289920 2 32245.463 60176.597 72518.009 92.3516761195 111.291764804 207.69308476 92.3516761195 111.291764804 207.69308476
1841718528 2 55306.327 71062.994 85065.645 86.6022248112 103.666813025 133.201290189 86.6022248112 103.666813025 133.201290189
2025890304 2 64288.337 86515.53 91115.063 88.9376679243 93.6659720631 126.050254123 88.9376679243 93.6659720631 126.050254123
2228478720 2 90566.095 95659.263 99629.879 89.4702971585 93.1840221265 98.4244145671 89.4702971585 93.1840221265 98.4244145671
2451326208 2 88616.134 99425.535 107408.754 91.2896246055 98.6195833093 110.649205618 91.2896246055 98.6195833093 110.649205618
2696458752 2 82452.461 114492.42 115907.69 93.0553875071 94.2056688818 130.81277232 93.0553875071 94.2056688818 130.81277232
2966104320 2 123554.599 124831.912 126085.709 94.0980335844 95.0431431347 96.025703422 94.0980335844 95.0431431347 96.025703422
3262714368 1 154835.296 180520.195 188609.613 34.5975405612 36.1479153953 42.1443230618 34.5975405612 36.1479153953 42.1443230618
3588985344 1 191809.524 204347.403 211959.177 33.8648733666 35.1263122634 37.4223893491 33.8648733666 35.1263122634 37.4223893491
3947883264 1 199635.881 226881.822 230960.108 34.186711274 34.8012302546 39.5508386992 34.186711274 34.8012302546 39.5508386992
4342671360 1 223718.688 245008.406 247267.266 35.1253235436 35.449162181 38.822607077 35.1253235436 35.449162181 38.822607077
4776938496 1 239978.447 273181.142 282025.274 33.8759603226 34.9726812109 39.8113960292 33.8759603226 34.9726812109 39.8113960292
5254632192 1 261604.463 306816.488 310127.127 33.8869562481 34.2526063462 40.1723436347 33.8869562481 34.2526063462 40.1723436347
5780094720 1 308727.026 337923.89 344876.57 33.5197877896 34.2094471036 37.4446953666 33.5197877896 34.2094471036 37.4446953666
6358103808 1 317373.067 356029.225 394876.64 32.2029877888 35.7167522301 40.0670659807 32.2029877888 35.7167522301 40.0670659807

META_DATA
TIMESTAMP_DATA  1594367141.33
MPI_PROCS      1
TIMESTAMP_DATA  1594367243.83
HOSTNAME  ('helios-PowerEdge-R7425', [], ['127.0.1.1'])
TIMESTAMP_DATA  1594367209.47
TIMESTAMP_DATA  1594367175.32
FLOPS          16
OPENMP_THREADS 96
UNAME  ('Linux', 'helios-PowerEdge-R7425', '4.15.0-106-generic', '#107~16.04.1-Ubuntu SMP Thu Jun 4 15:40:05 UTC 2020', 'x86_64', 'x86_64')
ERT_VERSION  1.0.0
CONFIG  {'ERT_WORKING_SET_MIN': ['1'], 'ERT_CFLAGS': ['-O3'], 'ERT_CC': ['gcc'], 'ERT_MPI_CFLAGS': [], 'ERT_MPI_LDFLAGS': [], 'ERT_MEMORY_MAX': ['6442450944'], 'ERT_PROCS_THREADS': ['96'], 'ERT_LDFLAGS': [], 'ERT_LDLIBS': [], 'ERT_SPEC_GBYTES_DRAM': ['1.0'], 'ERT_RUN': ['export', 'KMP_AFFINITY=scatter;', 'export', 'OMP_NUM_THREADS=ERT_OPENMP_THREADS;', 'ERT_CODE'], 'ERT_FLOPS': ['1,2,4,8,16'], 'ERT_OPENMP_CFLAGS': ['-fopenmp'], 'ERT_SPEC_GFLOPS': ['1.0'], 'ERT_MPI': ['False'], 'ERT_TRIALS_MIN': ['1'], 'ERT_DRIVER': ['driver1'], 'ERT_RESULTS': ['Results.x86'], 'ERT_OPENMP': ['True'], 'ERT_MPI_PROCS': ['1'], 'ERT_KERNEL': ['kernel1'], 'ERT_OPENMP_THREADS': ['1-96'], 'ERT_LD': ['gcc'], 'ERT_NUM_EXPERIMENTS': ['4'], 'ERT_OPENMP_LDFLAGS': ['-fopenmp'], 'ERT_ALIGN': ['32'], 'ERT_GNUPLOT': ['gnuplot']}
